bldg_id,tariff_key
80662,nimo_elec_heat_seasonal
88561,nimo_non_electric_heating
96242,nimo_non_electric_heating
97531,nimo_elec_heat_seasonal
107069,nimo_non_electric_heating
113386,nimo_non_electric_heating
115002,nimo_non_electric_heating
123220,nimo_non_electric_heating
124054,nimo_non_electric_heating
128775,nimo_non_electric_heating
73113,nimo_non_electric_heating
77012,nimo_non_electric_heating
82042,nimo_elec_heat_seasonal
86367,nimo_non_electric_heating
88103,nimo_non_electric_heating
94836,nimo_elec_heat_seasonal
104843,nimo_non_electric_heating
122015,nimo_non_electric_heating
127875,nimo_non_electric_heating
134365,nimo_elec_heat_seasonal
76844,nimo_elec_heat_seasonal
86623,nimo_non_electric_heating
101697,nimo_non_electric_heating
107977,nimo_non_electric_heating
108043,nimo_non_electric_heating
114600,nimo_non_electric_heating
119156,nimo_non_electric_heating
119619,nimo_elec_heat_seasonal
125693,nimo_non_electric_heating
127633,nimo_elec_heat_seasonal
130439,nimo_non_electric_heating
74239,nimo_non_electric_heating
79188,nimo_non_electric_heating
81889,nimo_non_electric_heating
85369,nimo_non_electric_heating
95261,nimo_non_electric_heating
97837,nimo_non_electric_heating
106739,nimo_non_electric_heating
114335,nimo_non_electric_heating
116559,nimo_non_electric_heating
119536,nimo_non_electric_heating
123692,nimo_non_electric_heating
124513,nimo_non_electric_heating
71079,nimo_non_electric_heating
71374,nimo_non_electric_heating
76493,nimo_non_electric_heating
79516,nimo_non_electric_heating
80350,nimo_elec_heat_seasonal
88445,nimo_non_electric_heating
90389,nimo_non_electric_heating
90523,nimo_non_electric_heating
107353,nimo_elec_heat_seasonal
110406,nimo_non_electric_heating
111102,nimo_non_electric_heating
121927,nimo_non_electric_heating
131647,nimo_non_electric_heating
135048,nimo_non_electric_heating
135255,nimo_non_electric_heating
135675,nimo_non_electric_heating
69323,nimo_non_electric_heating
71443,nimo_non_electric_heating
75772,nimo_non_electric_heating
80947,nimo_non_electric_heating
82768,nimo_non_electric_heating
84396,nimo_elec_heat_seasonal
90039,nimo_non_electric_heating
94293,nimo_non_electric_heating
97312,nimo_non_electric_heating
104950,nimo_non_electric_heating
108421,nimo_non_electric_heating
111341,nimo_non_electric_heating
115658,nimo_non_electric_heating
117190,nimo_non_electric_heating
120598,nimo_non_electric_heating
127791,nimo_non_electric_heating
132304,nimo_non_electric_heating
69875,nimo_non_electric_heating
71034,nimo_non_electric_heating
77540,nimo_non_electric_heating
80942,nimo_non_electric_heating
82587,nimo_non_electric_heating
98086,nimo_non_electric_heating
102572,nimo_non_electric_heating
113053,nimo_non_electric_heating
117699,nimo_non_electric_heating
126616,nimo_non_electric_heating
127016,nimo_non_electric_heating
129442,nimo_non_electric_heating
131951,nimo_non_electric_heating
134346,nimo_non_electric_heating
74745,nimo_non_electric_heating
83111,nimo_non_electric_heating
85181,nimo_elec_heat_seasonal
87470,nimo_non_electric_heating
93160,nimo_non_electric_heating
97324,nimo_non_electric_heating
99321,nimo_elec_heat_seasonal
100841,nimo_non_electric_heating
119822,nimo_non_electric_heating
122621,nimo_non_electric_heating
128363,nimo_elec_heat_seasonal
128364,nimo_non_electric_heating
132000,nimo_non_electric_heating
83991,nimo_non_electric_heating
91981,nimo_non_electric_heating
106873,nimo_non_electric_heating
110508,nimo_non_electric_heating
112940,nimo_non_electric_heating
122066,nimo_non_electric_heating
132197,nimo_non_electric_heating
68087,nimo_non_electric_heating
69184,nimo_non_electric_heating
75756,nimo_non_electric_heating
80086,nimo_elec_heat_seasonal
89774,nimo_non_electric_heating
92745,nimo_non_electric_heating
92878,nimo_non_electric_heating
95475,nimo_non_electric_heating
99887,nimo_non_electric_heating
113771,nimo_non_electric_heating
116487,nimo_non_electric_heating
126705,nimo_non_electric_heating
129783,nimo_non_electric_heating
136011,nimo_non_electric_heating
72775,nimo_non_electric_heating
75439,nimo_non_electric_heating
79723,nimo_non_electric_heating
80231,nimo_elec_heat_seasonal
91675,nimo_non_electric_heating
100452,nimo_elec_heat_seasonal
106809,nimo_non_electric_heating
112709,nimo_non_electric_heating
114316,nimo_non_electric_heating
114958,nimo_non_electric_heating
119241,nimo_non_electric_heating
121651,nimo_non_electric_heating
131678,nimo_non_electric_heating
73395,nimo_elec_heat_seasonal
78484,nimo_non_electric_heating
79524,nimo_non_electric_heating
92410,nimo_non_electric_heating
104115,nimo_non_electric_heating
108816,nimo_non_electric_heating
109393,nimo_non_electric_heating
111985,nimo_non_electric_heating
127490,nimo_elec_heat_seasonal
134774,nimo_non_electric_heating
72041,nimo_non_electric_heating
84292,nimo_non_electric_heating
89530,nimo_non_electric_heating
93106,nimo_non_electric_heating
94410,nimo_non_electric_heating
95242,nimo_elec_heat_seasonal
103033,nimo_non_electric_heating
107279,nimo_non_electric_heating
112012,nimo_non_electric_heating
121314,nimo_non_electric_heating
124055,nimo_non_electric_heating
124677,nimo_non_electric_heating
124763,nimo_non_electric_heating
128754,nimo_elec_heat_seasonal
136114,nimo_elec_heat_seasonal
71977,nimo_non_electric_heating
88891,nimo_non_electric_heating
93691,nimo_elec_heat_seasonal
99712,nimo_elec_heat_seasonal
103781,nimo_non_electric_heating
110727,nimo_elec_heat_seasonal
113172,nimo_non_electric_heating
119599,nimo_non_electric_heating
134476,nimo_non_electric_heating
71163,nimo_non_electric_heating
75143,nimo_non_electric_heating
79763,nimo_non_electric_heating
87657,nimo_elec_heat_seasonal
91801,nimo_non_electric_heating
94539,nimo_non_electric_heating
99365,nimo_non_electric_heating
107502,nimo_non_electric_heating
108938,nimo_non_electric_heating
112283,nimo_non_electric_heating
114897,nimo_elec_heat_seasonal
115889,nimo_non_electric_heating
118315,nimo_non_electric_heating
132743,nimo_non_electric_heating
133977,nimo_non_electric_heating
70955,nimo_non_electric_heating
74531,nimo_non_electric_heating
81722,nimo_non_electric_heating
84489,nimo_non_electric_heating
86971,nimo_non_electric_heating
87937,nimo_non_electric_heating
106287,nimo_non_electric_heating
113806,nimo_elec_heat_seasonal
115429,nimo_non_electric_heating
117760,nimo_non_electric_heating
130636,nimo_non_electric_heating
77361,nimo_non_electric_heating
83811,nimo_non_electric_heating
90407,nimo_non_electric_heating
102837,nimo_non_electric_heating
102898,nimo_non_electric_heating
103791,nimo_non_electric_heating
129824,nimo_non_electric_heating
135110,nimo_non_electric_heating
74746,nimo_non_electric_heating
87095,nimo_non_electric_heating
93905,nimo_non_electric_heating
110159,nimo_non_electric_heating
123366,nimo_non_electric_heating
125540,nimo_non_electric_heating
77198,nimo_non_electric_heating
83609,nimo_non_electric_heating
85017,nimo_non_electric_heating
91656,nimo_non_electric_heating
92165,nimo_elec_heat_seasonal
96600,nimo_non_electric_heating
100301,nimo_non_electric_heating
100387,nimo_non_electric_heating
130259,nimo_non_electric_heating
136236,nimo_non_electric_heating
68162,nimo_non_electric_heating
73271,nimo_non_electric_heating
94123,nimo_non_electric_heating
99111,nimo_non_electric_heating
99185,nimo_non_electric_heating
100156,nimo_non_electric_heating
119307,nimo_non_electric_heating
130139,nimo_elec_heat_seasonal
69374,nimo_non_electric_heating
70677,nimo_elec_heat_seasonal
73531,nimo_non_electric_heating
77292,nimo_non_electric_heating
81069,nimo_non_electric_heating
90657,nimo_non_electric_heating
92661,nimo_non_electric_heating
95020,nimo_non_electric_heating
103731,nimo_non_electric_heating
103839,nimo_elec_heat_seasonal
110807,nimo_non_electric_heating
111895,nimo_non_electric_heating
122141,nimo_elec_heat_seasonal
126265,nimo_non_electric_heating
128052,nimo_non_electric_heating
130436,nimo_elec_heat_seasonal
131019,nimo_non_electric_heating
132392,nimo_non_electric_heating
75263,nimo_non_electric_heating
76804,nimo_non_electric_heating
81812,nimo_non_electric_heating
82779,nimo_non_electric_heating
88327,nimo_non_electric_heating
93589,nimo_non_electric_heating
97855,nimo_elec_heat_seasonal
107914,nimo_non_electric_heating
110978,nimo_non_electric_heating
116028,nimo_non_electric_heating
120237,nimo_non_electric_heating
123828,nimo_non_electric_heating
126964,nimo_non_electric_heating
131957,nimo_non_electric_heating
132943,nimo_non_electric_heating
134951,nimo_non_electric_heating
76253,nimo_non_electric_heating
79234,nimo_non_electric_heating
80602,nimo_elec_heat_seasonal
87062,nimo_non_electric_heating
88833,nimo_non_electric_heating
101521,nimo_non_electric_heating
109594,nimo_non_electric_heating
116911,nimo_non_electric_heating
127143,nimo_non_electric_heating
130012,nimo_non_electric_heating
133394,nimo_non_electric_heating
76439,nimo_non_electric_heating
76854,nimo_non_electric_heating
81772,nimo_non_electric_heating
83193,nimo_elec_heat_seasonal
85408,nimo_non_electric_heating
90219,nimo_non_electric_heating
90904,nimo_non_electric_heating
96444,nimo_non_electric_heating
102039,nimo_elec_heat_seasonal
105808,nimo_non_electric_heating
110609,nimo_non_electric_heating
111914,nimo_non_electric_heating
116677,nimo_non_electric_heating
120004,nimo_elec_heat_seasonal
76393,nimo_non_electric_heating
77644,nimo_non_electric_heating
78796,nimo_non_electric_heating
88254,nimo_non_electric_heating
100494,nimo_non_electric_heating
100779,nimo_non_electric_heating
102734,nimo_non_electric_heating
109350,nimo_non_electric_heating
111037,nimo_non_electric_heating
116357,nimo_non_electric_heating
119745,nimo_non_electric_heating
135967,nimo_non_electric_heating
68633,nimo_non_electric_heating
72767,nimo_non_electric_heating
74738,nimo_non_electric_heating
88520,nimo_non_electric_heating
101430,nimo_non_electric_heating
109229,nimo_elec_heat_seasonal
111178,nimo_non_electric_heating
114791,nimo_non_electric_heating
122428,nimo_non_electric_heating
132316,nimo_non_electric_heating
133578,nimo_non_electric_heating
69860,nimo_non_electric_heating
76872,nimo_non_electric_heating
85880,nimo_non_electric_heating
108224,nimo_elec_heat_seasonal
116173,nimo_non_electric_heating
69166,nimo_non_electric_heating
73466,nimo_non_electric_heating
99316,nimo_non_electric_heating
110375,nimo_non_electric_heating
111258,nimo_non_electric_heating
125282,nimo_non_electric_heating
131294,nimo_elec_heat_seasonal
131439,nimo_non_electric_heating
68068,nimo_elec_heat_seasonal
75230,nimo_non_electric_heating
75250,nimo_non_electric_heating
83318,nimo_non_electric_heating
93127,nimo_non_electric_heating
101850,nimo_non_electric_heating
109297,nimo_non_electric_heating
120844,nimo_non_electric_heating
129832,nimo_elec_heat_seasonal
131047,nimo_non_electric_heating
131067,nimo_non_electric_heating
132775,nimo_non_electric_heating
136261,nimo_non_electric_heating
71602,nimo_non_electric_heating
75409,nimo_non_electric_heating
77615,nimo_non_electric_heating
78756,nimo_non_electric_heating
84045,nimo_non_electric_heating
85627,nimo_non_electric_heating
91039,nimo_non_electric_heating
91879,nimo_non_electric_heating
92461,nimo_non_electric_heating
97505,nimo_non_electric_heating
102476,nimo_elec_heat_seasonal
112019,nimo_non_electric_heating
115289,nimo_non_electric_heating
115347,nimo_non_electric_heating
124959,nimo_non_electric_heating
69824,nimo_non_electric_heating
77537,nimo_non_electric_heating
81525,nimo_non_electric_heating
92548,nimo_non_electric_heating
95642,nimo_non_electric_heating
101018,nimo_non_electric_heating
109539,nimo_non_electric_heating
112217,nimo_non_electric_heating
112649,nimo_non_electric_heating
112916,nimo_non_electric_heating
134885,nimo_non_electric_heating
135160,nimo_non_electric_heating
73666,nimo_elec_heat_seasonal
83311,nimo_non_electric_heating
92848,nimo_non_electric_heating
94388,nimo_non_electric_heating
97159,nimo_non_electric_heating
99067,nimo_non_electric_heating
102300,nimo_non_electric_heating
111938,nimo_non_electric_heating
114937,nimo_non_electric_heating
115645,nimo_elec_heat_seasonal
122034,nimo_non_electric_heating
125853,nimo_non_electric_heating
125890,nimo_non_electric_heating
68858,nimo_non_electric_heating
72411,nimo_non_electric_heating
73728,nimo_non_electric_heating
80466,nimo_non_electric_heating
80890,nimo_non_electric_heating
84469,nimo_non_electric_heating
96468,nimo_non_electric_heating
98575,nimo_elec_heat_seasonal
99079,nimo_non_electric_heating
100714,nimo_non_electric_heating
126348,nimo_non_electric_heating
126986,nimo_non_electric_heating
78058,nimo_non_electric_heating
79258,nimo_non_electric_heating
85094,nimo_elec_heat_seasonal
91032,nimo_elec_heat_seasonal
92889,nimo_non_electric_heating
95822,nimo_non_electric_heating
100563,nimo_non_electric_heating
111059,nimo_elec_heat_seasonal
112479,nimo_non_electric_heating
116950,nimo_non_electric_heating
119665,nimo_non_electric_heating
132084,nimo_non_electric_heating
134198,nimo_non_electric_heating
134260,nimo_non_electric_heating
74265,nimo_elec_heat_seasonal
80009,nimo_elec_heat_seasonal
84329,nimo_non_electric_heating
88758,nimo_non_electric_heating
101450,nimo_non_electric_heating
111652,nimo_non_electric_heating
112349,nimo_non_electric_heating
116161,nimo_non_electric_heating
117635,nimo_non_electric_heating
77902,nimo_non_electric_heating
79822,nimo_elec_heat_seasonal
80538,nimo_non_electric_heating
81690,nimo_non_electric_heating
83214,nimo_non_electric_heating
91793,nimo_non_electric_heating
92703,nimo_non_electric_heating
93968,nimo_non_electric_heating
101885,nimo_non_electric_heating
121263,nimo_non_electric_heating
135140,nimo_non_electric_heating
135709,nimo_non_electric_heating
136060,nimo_elec_heat_seasonal
68223,nimo_elec_heat_seasonal
77140,nimo_non_electric_heating
81754,nimo_non_electric_heating
88202,nimo_non_electric_heating
95716,nimo_non_electric_heating
108108,nimo_elec_heat_seasonal
110202,nimo_non_electric_heating
110530,nimo_non_electric_heating
115391,nimo_non_electric_heating
117020,nimo_non_electric_heating
121063,nimo_non_electric_heating
124252,nimo_non_electric_heating
132376,nimo_non_electric_heating
132602,nimo_non_electric_heating
74019,nimo_non_electric_heating
76867,nimo_non_electric_heating
79544,nimo_non_electric_heating
94312,nimo_non_electric_heating
100207,nimo_non_electric_heating
102317,nimo_non_electric_heating
104159,nimo_non_electric_heating
107608,nimo_non_electric_heating
109666,nimo_non_electric_heating
115726,nimo_elec_heat_seasonal
119660,nimo_non_electric_heating
122057,nimo_non_electric_heating
127215,nimo_non_electric_heating
129579,nimo_non_electric_heating
68792,nimo_non_electric_heating
75818,nimo_non_electric_heating
77005,nimo_non_electric_heating
80549,nimo_non_electric_heating
82123,nimo_non_electric_heating
84286,nimo_non_electric_heating
85490,nimo_elec_heat_seasonal
85829,nimo_non_electric_heating
106672,nimo_elec_heat_seasonal
109418,nimo_non_electric_heating
114258,nimo_non_electric_heating
119846,nimo_non_electric_heating
129901,nimo_non_electric_heating
68603,nimo_non_electric_heating
70231,nimo_non_electric_heating
76262,nimo_non_electric_heating
77817,nimo_non_electric_heating
78360,nimo_non_electric_heating
80936,nimo_non_electric_heating
81316,nimo_elec_heat_seasonal
82032,nimo_non_electric_heating
86254,nimo_non_electric_heating
95891,nimo_elec_heat_seasonal
104553,nimo_non_electric_heating
112089,nimo_non_electric_heating
122038,nimo_non_electric_heating
123585,nimo_non_electric_heating
126216,nimo_non_electric_heating
127427,nimo_non_electric_heating
134214,nimo_non_electric_heating
68841,nimo_elec_heat_seasonal
69741,nimo_non_electric_heating
72922,nimo_elec_heat_seasonal
75198,nimo_non_electric_heating
88881,nimo_non_electric_heating
109480,nimo_non_electric_heating
110129,nimo_non_electric_heating
110751,nimo_elec_heat_seasonal
119658,nimo_non_electric_heating
120774,nimo_non_electric_heating
127032,nimo_non_electric_heating
128334,nimo_elec_heat_seasonal
130994,nimo_non_electric_heating
76874,nimo_non_electric_heating
83060,nimo_non_electric_heating
83469,nimo_elec_heat_seasonal
88319,nimo_non_electric_heating
88571,nimo_non_electric_heating
92969,nimo_non_electric_heating
94066,nimo_non_electric_heating
97739,nimo_non_electric_heating
97868,nimo_non_electric_heating
101399,nimo_non_electric_heating
101559,nimo_elec_heat_seasonal
104493,nimo_non_electric_heating
115051,nimo_non_electric_heating
116276,nimo_non_electric_heating
117234,nimo_non_electric_heating
122131,nimo_non_electric_heating
122461,nimo_non_electric_heating
127416,nimo_non_electric_heating
128733,nimo_non_electric_heating
132481,nimo_non_electric_heating
69950,nimo_non_electric_heating
74858,nimo_non_electric_heating
75704,nimo_non_electric_heating
76050,nimo_non_electric_heating
91084,nimo_non_electric_heating
92342,nimo_non_electric_heating
95272,nimo_non_electric_heating
95354,nimo_non_electric_heating
114044,nimo_non_electric_heating
115057,nimo_non_electric_heating
120840,nimo_non_electric_heating
123157,nimo_non_electric_heating
129082,nimo_non_electric_heating
130813,nimo_non_electric_heating
131946,nimo_non_electric_heating
72345,nimo_non_electric_heating
73560,nimo_non_electric_heating
82550,nimo_non_electric_heating
112593,nimo_elec_heat_seasonal
119524,nimo_non_electric_heating
123224,nimo_non_electric_heating
131943,nimo_elec_heat_seasonal
134278,nimo_non_electric_heating
76260,nimo_non_electric_heating
77849,nimo_elec_heat_seasonal
93159,nimo_elec_heat_seasonal
102689,nimo_non_electric_heating
103221,nimo_non_electric_heating
104248,nimo_non_electric_heating
115246,nimo_non_electric_heating
132257,nimo_non_electric_heating
132429,nimo_non_electric_heating
134164,nimo_elec_heat_seasonal
134320,nimo_non_electric_heating
69081,nimo_non_electric_heating
70412,nimo_non_electric_heating
73853,nimo_non_electric_heating
75781,nimo_non_electric_heating
83898,nimo_non_electric_heating
91678,nimo_non_electric_heating
96440,nimo_non_electric_heating
99567,nimo_non_electric_heating
107501,nimo_non_electric_heating
108913,nimo_non_electric_heating
109001,nimo_non_electric_heating
125334,nimo_non_electric_heating
128580,nimo_elec_heat_seasonal
68801,nimo_elec_heat_seasonal
79744,nimo_non_electric_heating
82174,nimo_elec_heat_seasonal
84574,nimo_non_electric_heating
87412,nimo_non_electric_heating
95728,nimo_non_electric_heating
96066,nimo_non_electric_heating
109097,nimo_non_electric_heating
110470,nimo_non_electric_heating
115594,nimo_non_electric_heating
118033,nimo_non_electric_heating
127190,nimo_elec_heat_seasonal
127197,nimo_non_electric_heating
128790,nimo_non_electric_heating
128959,nimo_non_electric_heating
132513,nimo_non_electric_heating
135726,nimo_non_electric_heating
68818,nimo_non_electric_heating
75822,nimo_non_electric_heating
76932,nimo_non_electric_heating
85206,nimo_non_electric_heating
91111,nimo_non_electric_heating
92503,nimo_non_electric_heating
93457,nimo_non_electric_heating
93816,nimo_non_electric_heating
98179,nimo_non_electric_heating
104984,nimo_non_electric_heating
111233,nimo_non_electric_heating
117640,nimo_non_electric_heating
120431,nimo_non_electric_heating
124299,nimo_non_electric_heating
132972,nimo_non_electric_heating
71352,nimo_non_electric_heating
73280,nimo_non_electric_heating
77132,nimo_non_electric_heating
81750,nimo_non_electric_heating
88810,nimo_non_electric_heating
89497,nimo_non_electric_heating
90191,nimo_non_electric_heating
96692,nimo_non_electric_heating
101903,nimo_non_electric_heating
106210,nimo_non_electric_heating
109125,nimo_non_electric_heating
110323,nimo_non_electric_heating
113841,nimo_non_electric_heating
122793,nimo_non_electric_heating
68850,nimo_non_electric_heating
70256,nimo_non_electric_heating
73363,nimo_non_electric_heating
75322,nimo_non_electric_heating
78683,nimo_non_electric_heating
82682,nimo_non_electric_heating
98745,nimo_non_electric_heating
101348,nimo_non_electric_heating
109067,nimo_non_electric_heating
110968,nimo_non_electric_heating
119469,nimo_non_electric_heating
120650,nimo_non_electric_heating
122448,nimo_non_electric_heating
69218,nimo_non_electric_heating
79719,nimo_non_electric_heating
86826,nimo_non_electric_heating
87185,nimo_elec_heat_seasonal
87594,nimo_non_electric_heating
94122,nimo_non_electric_heating
104499,nimo_non_electric_heating
112708,nimo_non_electric_heating
114201,nimo_elec_heat_seasonal
115174,nimo_non_electric_heating
124291,nimo_elec_heat_seasonal
127739,nimo_elec_heat_seasonal
129512,nimo_non_electric_heating
131859,nimo_non_electric_heating
133670,nimo_non_electric_heating
73243,nimo_elec_heat_seasonal
81937,nimo_elec_heat_seasonal
83758,nimo_non_electric_heating
90853,nimo_non_electric_heating
91936,nimo_non_electric_heating
99008,nimo_non_electric_heating
100084,nimo_non_electric_heating
107756,nimo_non_electric_heating
114274,nimo_non_electric_heating
117534,nimo_non_electric_heating
117689,nimo_non_electric_heating
119450,nimo_non_electric_heating
128313,nimo_non_electric_heating
128555,nimo_non_electric_heating
133193,nimo_non_electric_heating
133999,nimo_non_electric_heating
69579,nimo_non_electric_heating
74446,nimo_non_electric_heating
78376,nimo_non_electric_heating
87523,nimo_non_electric_heating
89480,nimo_non_electric_heating
93405,nimo_non_electric_heating
97362,nimo_non_electric_heating
108438,nimo_non_electric_heating
119074,nimo_non_electric_heating
132762,nimo_non_electric_heating
135370,nimo_non_electric_heating
77683,nimo_non_electric_heating
77917,nimo_non_electric_heating
79036,nimo_non_electric_heating
84383,nimo_elec_heat_seasonal
89751,nimo_non_electric_heating
102018,nimo_non_electric_heating
107524,nimo_non_electric_heating
115241,nimo_non_electric_heating
126490,nimo_non_electric_heating
127421,nimo_non_electric_heating
132788,nimo_elec_heat_seasonal
69905,nimo_non_electric_heating
73003,nimo_non_electric_heating
78512,nimo_non_electric_heating
82620,nimo_non_electric_heating
84998,nimo_non_electric_heating
88251,nimo_elec_heat_seasonal
89573,nimo_elec_heat_seasonal
90607,nimo_non_electric_heating
93631,nimo_non_electric_heating
99007,nimo_non_electric_heating
102973,nimo_non_electric_heating
104571,nimo_non_electric_heating
121377,nimo_non_electric_heating
123198,nimo_non_electric_heating
127673,nimo_non_electric_heating
129971,nimo_non_electric_heating
69062,nimo_elec_heat_seasonal
76441,nimo_non_electric_heating
91157,nimo_non_electric_heating
97629,nimo_non_electric_heating
98778,nimo_non_electric_heating
102112,nimo_non_electric_heating
106911,nimo_non_electric_heating
109413,nimo_non_electric_heating
111021,nimo_non_electric_heating
117311,nimo_non_electric_heating
118101,nimo_non_electric_heating
120435,nimo_elec_heat_seasonal
122690,nimo_non_electric_heating
127144,nimo_elec_heat_seasonal
128151,nimo_non_electric_heating
131709,nimo_non_electric_heating
133913,nimo_elec_heat_seasonal
69688,nimo_non_electric_heating
70646,nimo_non_electric_heating
71868,nimo_non_electric_heating
78129,nimo_non_electric_heating
92452,nimo_non_electric_heating
95873,nimo_non_electric_heating
96131,nimo_non_electric_heating
126004,nimo_non_electric_heating
79580,nimo_non_electric_heating
103521,nimo_non_electric_heating
109876,nimo_non_electric_heating
112758,nimo_non_electric_heating
115203,nimo_non_electric_heating
118301,nimo_elec_heat_seasonal
125427,nimo_non_electric_heating
126305,nimo_non_electric_heating
73173,nimo_non_electric_heating
78996,nimo_non_electric_heating
90888,nimo_non_electric_heating
93540,nimo_non_electric_heating
95003,nimo_non_electric_heating
99587,nimo_non_electric_heating
100139,nimo_non_electric_heating
101147,nimo_non_electric_heating
115110,nimo_non_electric_heating
115799,nimo_elec_heat_seasonal
117770,nimo_non_electric_heating
120410,nimo_non_electric_heating
122181,nimo_non_electric_heating
122495,nimo_non_electric_heating
128060,nimo_non_electric_heating
133284,nimo_non_electric_heating
69982,nimo_non_electric_heating
70064,nimo_non_electric_heating
73977,nimo_non_electric_heating
77715,nimo_non_electric_heating
79732,nimo_non_electric_heating
84788,nimo_non_electric_heating
86889,nimo_non_electric_heating
99096,nimo_non_electric_heating
102752,nimo_non_electric_heating
104893,nimo_non_electric_heating
113057,nimo_non_electric_heating
117979,nimo_non_electric_heating
129726,nimo_non_electric_heating
69888,nimo_non_electric_heating
74059,nimo_elec_heat_seasonal
77637,nimo_non_electric_heating
87205,nimo_non_electric_heating
89647,nimo_elec_heat_seasonal
91146,nimo_non_electric_heating
95453,nimo_non_electric_heating
104444,nimo_non_electric_heating
106526,nimo_non_electric_heating
107422,nimo_non_electric_heating
119872,nimo_non_electric_heating
122070,nimo_non_electric_heating
123479,nimo_non_electric_heating
81415,nimo_non_electric_heating
93998,nimo_non_electric_heating
104737,nimo_elec_heat_seasonal
105690,nimo_non_electric_heating
124394,nimo_non_electric_heating
135014,nimo_non_electric_heating
82401,nimo_elec_heat_seasonal
86154,nimo_elec_heat_seasonal
90216,nimo_non_electric_heating
94891,nimo_non_electric_heating
99051,nimo_non_electric_heating
107584,nimo_non_electric_heating
108622,nimo_non_electric_heating
109002,nimo_non_electric_heating
113355,nimo_non_electric_heating
113424,nimo_non_electric_heating
113991,nimo_non_electric_heating
117703,nimo_non_electric_heating
118398,nimo_non_electric_heating
120916,nimo_non_electric_heating
127046,nimo_non_electric_heating
70538,nimo_non_electric_heating
73278,nimo_non_electric_heating
73553,nimo_non_electric_heating
85561,nimo_non_electric_heating
85599,nimo_non_electric_heating
99204,nimo_non_electric_heating
102791,nimo_non_electric_heating
103920,nimo_non_electric_heating
117958,nimo_non_electric_heating
128876,nimo_non_electric_heating
483497,nimo_non_electric_heating
489333,nimo_non_electric_heating
495252,nimo_elec_heat_seasonal
511990,nimo_non_electric_heating
515940,nimo_non_electric_heating
519795,nimo_non_electric_heating
527899,nimo_non_electric_heating
533254,nimo_non_electric_heating
541899,nimo_non_electric_heating
543611,nimo_non_electric_heating
543766,nimo_non_electric_heating
548804,nimo_non_electric_heating
484554,nimo_non_electric_heating
487219,nimo_non_electric_heating
497093,nimo_elec_heat_seasonal
498844,nimo_non_electric_heating
516954,nimo_non_electric_heating
518047,nimo_non_electric_heating
521448,nimo_non_electric_heating
535617,nimo_non_electric_heating
537576,nimo_non_electric_heating
538258,nimo_non_electric_heating
538286,nimo_non_electric_heating
544501,nimo_non_electric_heating
548322,nimo_non_electric_heating
480093,nimo_non_electric_heating
481201,nimo_non_electric_heating
488721,nimo_elec_heat_seasonal
493226,nimo_non_electric_heating
508816,nimo_non_electric_heating
524515,nimo_non_electric_heating
526192,nimo_non_electric_heating
526962,nimo_elec_heat_seasonal
529447,nimo_non_electric_heating
530257,nimo_non_electric_heating
536321,nimo_non_electric_heating
486676,nimo_non_electric_heating
490198,nimo_non_electric_heating
490389,nimo_non_electric_heating
500245,nimo_non_electric_heating
513128,nimo_non_electric_heating
516133,nimo_elec_heat_seasonal
518787,nimo_non_electric_heating
519970,nimo_non_electric_heating
524008,nimo_non_electric_heating
526566,nimo_non_electric_heating
528729,nimo_non_electric_heating
534546,nimo_non_electric_heating
534864,nimo_non_electric_heating
542855,nimo_non_electric_heating
544254,nimo_non_electric_heating
544795,nimo_non_electric_heating
490326,nimo_non_electric_heating
497962,nimo_elec_heat_seasonal
502645,nimo_non_electric_heating
507551,nimo_non_electric_heating
510553,nimo_non_electric_heating
511450,nimo_non_electric_heating
513510,nimo_elec_heat_seasonal
516870,nimo_non_electric_heating
516911,nimo_non_electric_heating
518465,nimo_non_electric_heating
525662,nimo_elec_heat_seasonal
530864,nimo_elec_heat_seasonal
534723,nimo_elec_heat_seasonal
542920,nimo_non_electric_heating
483405,nimo_non_electric_heating
484547,nimo_non_electric_heating
497463,nimo_non_electric_heating
499655,nimo_non_electric_heating
509611,nimo_non_electric_heating
511768,nimo_non_electric_heating
514839,nimo_non_electric_heating
519859,nimo_non_electric_heating
533203,nimo_non_electric_heating
533962,nimo_non_electric_heating
537636,nimo_non_electric_heating
543414,nimo_non_electric_heating
544368,nimo_non_electric_heating
545387,nimo_elec_heat_seasonal
547188,nimo_non_electric_heating
481742,nimo_non_electric_heating
483848,nimo_non_electric_heating
503655,nimo_non_electric_heating
522482,nimo_non_electric_heating
527164,nimo_non_electric_heating
529239,nimo_non_electric_heating
534306,nimo_elec_heat_seasonal
537372,nimo_non_electric_heating
538157,nimo_non_electric_heating
497144,nimo_non_electric_heating
509315,nimo_non_electric_heating
525617,nimo_non_electric_heating
535743,nimo_non_electric_heating
542355,nimo_non_electric_heating
543192,nimo_non_electric_heating
480140,nimo_non_electric_heating
489214,nimo_elec_heat_seasonal
493151,nimo_non_electric_heating
512615,nimo_non_electric_heating
517830,nimo_non_electric_heating
518031,nimo_non_electric_heating
525721,nimo_non_electric_heating
529330,nimo_non_electric_heating
530764,nimo_non_electric_heating
540883,nimo_non_electric_heating
541027,nimo_non_electric_heating
547836,nimo_non_electric_heating
483248,nimo_non_electric_heating
483885,nimo_non_electric_heating
487596,nimo_non_electric_heating
491100,nimo_non_electric_heating
494543,nimo_non_electric_heating
508654,nimo_non_electric_heating
514675,nimo_non_electric_heating
518449,nimo_non_electric_heating
522675,nimo_non_electric_heating
525148,nimo_non_electric_heating
528527,nimo_non_electric_heating
542969,nimo_non_electric_heating
547583,nimo_non_electric_heating
548147,nimo_elec_heat_seasonal
494658,nimo_non_electric_heating
494787,nimo_non_electric_heating
503941,nimo_non_electric_heating
511715,nimo_non_electric_heating
528890,nimo_non_electric_heating
529374,nimo_non_electric_heating
530332,nimo_non_electric_heating
531340,nimo_non_electric_heating
534766,nimo_non_electric_heating
534875,nimo_elec_heat_seasonal
536385,nimo_non_electric_heating
540456,nimo_non_electric_heating
542347,nimo_non_electric_heating
542765,nimo_elec_heat_seasonal
549744,nimo_non_electric_heating
484055,nimo_non_electric_heating
486848,nimo_non_electric_heating
502881,nimo_elec_heat_seasonal
509459,nimo_non_electric_heating
518526,nimo_non_electric_heating
522684,nimo_non_electric_heating
525319,nimo_elec_heat_seasonal
527931,nimo_non_electric_heating
528787,nimo_non_electric_heating
529706,nimo_non_electric_heating
482764,nimo_non_electric_heating
485087,nimo_non_electric_heating
487479,nimo_non_electric_heating
489730,nimo_non_electric_heating
493675,nimo_non_electric_heating
500256,nimo_non_electric_heating
501301,nimo_non_electric_heating
520346,nimo_non_electric_heating
521817,nimo_non_electric_heating
522462,nimo_non_electric_heating
522608,nimo_non_electric_heating
542936,nimo_non_electric_heating
484527,nimo_elec_heat_seasonal
491644,nimo_non_electric_heating
498702,nimo_non_electric_heating
515638,nimo_non_electric_heating
521644,nimo_non_electric_heating
522632,nimo_non_electric_heating
523397,nimo_non_electric_heating
529632,nimo_non_electric_heating
530575,nimo_non_electric_heating
533419,nimo_non_electric_heating
535606,nimo_non_electric_heating
535986,nimo_non_electric_heating
539763,nimo_non_electric_heating
541003,nimo_non_electric_heating
543273,nimo_non_electric_heating
548822,nimo_elec_heat_seasonal
480210,nimo_non_electric_heating
487505,nimo_non_electric_heating
490909,nimo_elec_heat_seasonal
502612,nimo_non_electric_heating
514824,nimo_non_electric_heating
518445,nimo_non_electric_heating
521086,nimo_non_electric_heating
523278,nimo_non_electric_heating
524942,nimo_non_electric_heating
531934,nimo_non_electric_heating
533713,nimo_non_electric_heating
534646,nimo_non_electric_heating
536649,nimo_non_electric_heating
549993,nimo_non_electric_heating
483221,nimo_non_electric_heating
484399,nimo_elec_heat_seasonal
485334,nimo_non_electric_heating
485512,nimo_non_electric_heating
492579,nimo_non_electric_heating
497305,nimo_non_electric_heating
501182,nimo_non_electric_heating
507618,nimo_non_electric_heating
522964,nimo_non_electric_heating
529335,nimo_elec_heat_seasonal
530125,nimo_non_electric_heating
532542,nimo_non_electric_heating
536278,nimo_non_electric_heating
538527,nimo_elec_heat_seasonal
481508,nimo_non_electric_heating
487304,nimo_non_electric_heating
489815,nimo_elec_heat_seasonal
489903,nimo_non_electric_heating
496040,nimo_non_electric_heating
496251,nimo_non_electric_heating
503154,nimo_non_electric_heating
505937,nimo_non_electric_heating
510003,nimo_non_electric_heating
511159,nimo_non_electric_heating
514359,nimo_non_electric_heating
520932,nimo_non_electric_heating
528532,nimo_non_electric_heating
549408,nimo_non_electric_heating
480039,nimo_non_electric_heating
481178,nimo_non_electric_heating
481249,nimo_non_electric_heating
483702,nimo_non_electric_heating
489653,nimo_non_electric_heating
493144,nimo_non_electric_heating
497016,nimo_non_electric_heating
504969,nimo_non_electric_heating
507335,nimo_non_electric_heating
516139,nimo_non_electric_heating
517497,nimo_non_electric_heating
542977,nimo_non_electric_heating
543087,nimo_elec_heat_seasonal
480856,nimo_non_electric_heating
494005,nimo_non_electric_heating
500768,nimo_non_electric_heating
519041,nimo_non_electric_heating
524500,nimo_non_electric_heating
537969,nimo_non_electric_heating
485385,nimo_non_electric_heating
496258,nimo_non_electric_heating
499431,nimo_non_electric_heating
499595,nimo_non_electric_heating
499908,nimo_elec_heat_seasonal
501013,nimo_elec_heat_seasonal
507537,nimo_non_electric_heating
514302,nimo_non_electric_heating
519361,nimo_non_electric_heating
528099,nimo_non_electric_heating
532867,nimo_non_electric_heating
537995,nimo_non_electric_heating
546075,nimo_non_electric_heating
547426,nimo_non_electric_heating
548716,nimo_non_electric_heating
488846,nimo_elec_heat_seasonal
495120,nimo_non_electric_heating
498636,nimo_elec_heat_seasonal
502296,nimo_non_electric_heating
507317,nimo_non_electric_heating
529137,nimo_non_electric_heating
536481,nimo_elec_heat_seasonal
541966,nimo_non_electric_heating
482758,nimo_non_electric_heating
494687,nimo_elec_heat_seasonal
505980,nimo_non_electric_heating
535880,nimo_non_electric_heating
537999,nimo_non_electric_heating
538240,nimo_non_electric_heating
538279,nimo_non_electric_heating
539822,nimo_non_electric_heating
487001,nimo_non_electric_heating
487164,nimo_non_electric_heating
487702,nimo_non_electric_heating
491269,nimo_non_electric_heating
504894,nimo_non_electric_heating
506778,nimo_non_electric_heating
506813,nimo_elec_heat_seasonal
509037,nimo_elec_heat_seasonal
513417,nimo_non_electric_heating
519477,nimo_elec_heat_seasonal
521384,nimo_non_electric_heating
534768,nimo_non_electric_heating
541106,nimo_non_electric_heating
547087,nimo_non_electric_heating
482238,nimo_non_electric_heating
483856,nimo_non_electric_heating
486883,nimo_non_electric_heating
496047,nimo_non_electric_heating
497881,nimo_non_electric_heating
509657,nimo_non_electric_heating
519335,nimo_non_electric_heating
519930,nimo_elec_heat_seasonal
526350,nimo_elec_heat_seasonal
526538,nimo_non_electric_heating
528181,nimo_non_electric_heating
534630,nimo_non_electric_heating
537227,nimo_non_electric_heating
545470,nimo_elec_heat_seasonal
546901,nimo_non_electric_heating
483634,nimo_non_electric_heating
488505,nimo_non_electric_heating
489708,nimo_non_electric_heating
494376,nimo_non_electric_heating
499988,nimo_non_electric_heating
506175,nimo_non_electric_heating
508364,nimo_non_electric_heating
509790,nimo_non_electric_heating
513805,nimo_non_electric_heating
516307,nimo_non_electric_heating
517069,nimo_non_electric_heating
522685,nimo_non_electric_heating
526748,nimo_non_electric_heating
527717,nimo_non_electric_heating
528133,nimo_non_electric_heating
530316,nimo_non_electric_heating
548201,nimo_non_electric_heating
548755,nimo_non_electric_heating
482584,nimo_non_electric_heating
484919,nimo_non_electric_heating
488591,nimo_non_electric_heating
490202,nimo_non_electric_heating
503333,nimo_non_electric_heating
510790,nimo_non_electric_heating
517183,nimo_non_electric_heating
519023,nimo_non_electric_heating
524559,nimo_non_electric_heating
527232,nimo_non_electric_heating
529511,nimo_non_electric_heating
537801,nimo_non_electric_heating
538987,nimo_non_electric_heating
545583,nimo_non_electric_heating
490174,nimo_non_electric_heating
492847,nimo_non_electric_heating
494825,nimo_non_electric_heating
505958,nimo_non_electric_heating
512285,nimo_non_electric_heating
514068,nimo_elec_heat_seasonal
514371,nimo_non_electric_heating
515223,nimo_non_electric_heating
517686,nimo_non_electric_heating
528498,nimo_non_electric_heating
532748,nimo_non_electric_heating
532793,nimo_non_electric_heating
534155,nimo_non_electric_heating
534829,nimo_non_electric_heating
535589,nimo_non_electric_heating
540398,nimo_non_electric_heating
546662,nimo_non_electric_heating
483546,nimo_non_electric_heating
499081,nimo_non_electric_heating
499343,nimo_non_electric_heating
506948,nimo_non_electric_heating
517316,nimo_non_electric_heating
531667,nimo_non_electric_heating
481738,nimo_non_electric_heating
492929,nimo_non_electric_heating
497058,nimo_elec_heat_seasonal
501305,nimo_non_electric_heating
504419,nimo_non_electric_heating
509141,nimo_non_electric_heating
510717,nimo_non_electric_heating
512067,nimo_non_electric_heating
517350,nimo_non_electric_heating
483551,nimo_elec_heat_seasonal
499727,nimo_non_electric_heating
506357,nimo_non_electric_heating
508523,nimo_non_electric_heating
519493,nimo_non_electric_heating
528367,nimo_non_electric_heating
528806,nimo_non_electric_heating
531823,nimo_non_electric_heating
532329,nimo_non_electric_heating
537780,nimo_non_electric_heating
539794,nimo_non_electric_heating
480826,nimo_non_electric_heating
489662,nimo_non_electric_heating
489820,nimo_non_electric_heating
494305,nimo_non_electric_heating
504759,nimo_elec_heat_seasonal
506451,nimo_non_electric_heating
506602,nimo_non_electric_heating
512917,nimo_non_electric_heating
525857,nimo_elec_heat_seasonal
538994,nimo_non_electric_heating
543474,nimo_non_electric_heating
546169,nimo_non_electric_heating
498785,nimo_non_electric_heating
501092,nimo_non_electric_heating
503027,nimo_non_electric_heating
503882,nimo_non_electric_heating
504325,nimo_elec_heat_seasonal
505721,nimo_non_electric_heating
508665,nimo_non_electric_heating
515311,nimo_non_electric_heating
517173,nimo_non_electric_heating
518254,nimo_elec_heat_seasonal
523198,nimo_non_electric_heating
527188,nimo_elec_heat_seasonal
528072,nimo_non_electric_heating
529237,nimo_non_electric_heating
534144,nimo_non_electric_heating
537161,nimo_non_electric_heating
549176,nimo_non_electric_heating
484203,nimo_non_electric_heating
486424,nimo_non_electric_heating
493559,nimo_non_electric_heating
493851,nimo_non_electric_heating
495784,nimo_non_electric_heating
496318,nimo_non_electric_heating
497256,nimo_non_electric_heating
499240,nimo_non_electric_heating
499457,nimo_non_electric_heating
507475,nimo_non_electric_heating
513542,nimo_elec_heat_seasonal
516830,nimo_non_electric_heating
517962,nimo_non_electric_heating
519958,nimo_non_electric_heating
525489,nimo_non_electric_heating
528937,nimo_elec_heat_seasonal
532166,nimo_non_electric_heating
533515,nimo_non_electric_heating
545525,nimo_non_electric_heating
546239,nimo_non_electric_heating
548686,nimo_non_electric_heating
481788,nimo_non_electric_heating
482145,nimo_non_electric_heating
484244,nimo_non_electric_heating
487290,nimo_non_electric_heating
487330,nimo_non_electric_heating
489113,nimo_non_electric_heating
491994,nimo_non_electric_heating
492530,nimo_elec_heat_seasonal
510537,nimo_non_electric_heating
512670,nimo_non_electric_heating
513812,nimo_non_electric_heating
513940,nimo_non_electric_heating
519927,nimo_non_electric_heating
521095,nimo_non_electric_heating
523749,nimo_non_electric_heating
531659,nimo_non_electric_heating
536972,nimo_non_electric_heating
539433,nimo_non_electric_heating
540041,nimo_non_electric_heating
483682,nimo_non_electric_heating
486369,nimo_non_electric_heating
493515,nimo_non_electric_heating
503167,nimo_non_electric_heating
504187,nimo_non_electric_heating
509617,nimo_non_electric_heating
510646,nimo_non_electric_heating
517815,nimo_non_electric_heating
520104,nimo_non_electric_heating
522722,nimo_non_electric_heating
524275,nimo_non_electric_heating
524484,nimo_non_electric_heating
528483,nimo_non_electric_heating
529337,nimo_non_electric_heating
530504,nimo_non_electric_heating
537429,nimo_non_electric_heating
541765,nimo_elec_heat_seasonal
542687,nimo_non_electric_heating
482319,nimo_non_electric_heating
484423,nimo_non_electric_heating
485404,nimo_non_electric_heating
494384,nimo_non_electric_heating
498416,nimo_elec_heat_seasonal
507446,nimo_elec_heat_seasonal
509660,nimo_non_electric_heating
515916,nimo_non_electric_heating
520526,nimo_non_electric_heating
524330,nimo_non_electric_heating
533137,nimo_non_electric_heating
537514,nimo_non_electric_heating
540896,nimo_non_electric_heating
546255,nimo_non_electric_heating
549921,nimo_elec_heat_seasonal
480116,nimo_non_electric_heating
480409,nimo_non_electric_heating
486212,nimo_non_electric_heating
487120,nimo_non_electric_heating
489210,nimo_non_electric_heating
490607,nimo_non_electric_heating
492611,nimo_non_electric_heating
495235,nimo_non_electric_heating
507125,nimo_elec_heat_seasonal
507188,nimo_non_electric_heating
509795,nimo_non_electric_heating
533345,nimo_elec_heat_seasonal
539616,nimo_non_electric_heating
539689,nimo_non_electric_heating
549609,nimo_non_electric_heating
480141,nimo_non_electric_heating
490530,nimo_non_electric_heating
524458,nimo_non_electric_heating
534729,nimo_non_electric_heating
545650,nimo_non_electric_heating
547839,nimo_non_electric_heating
489300,nimo_non_electric_heating
503825,nimo_non_electric_heating
507274,nimo_elec_heat_seasonal
535833,nimo_non_electric_heating
547429,nimo_non_electric_heating
487307,nimo_non_electric_heating
487958,nimo_non_electric_heating
488170,nimo_non_electric_heating
491672,nimo_non_electric_heating
495339,nimo_elec_heat_seasonal
500951,nimo_non_electric_heating
521341,nimo_non_electric_heating
524166,nimo_non_electric_heating
538089,nimo_non_electric_heating
541617,nimo_non_electric_heating
541967,nimo_non_electric_heating
483806,nimo_non_electric_heating
484568,nimo_elec_heat_seasonal
500172,nimo_non_electric_heating
507690,nimo_non_electric_heating
523068,nimo_non_electric_heating
524766,nimo_non_electric_heating
530701,nimo_non_electric_heating
532989,nimo_elec_heat_seasonal
535625,nimo_non_electric_heating
536140,nimo_non_electric_heating
536430,nimo_non_electric_heating
537098,nimo_non_electric_heating
544402,nimo_non_electric_heating
545207,nimo_elec_heat_seasonal
483949,nimo_non_electric_heating
486472,nimo_non_electric_heating
500273,nimo_non_electric_heating
501076,nimo_non_electric_heating
503682,nimo_non_electric_heating
506421,nimo_elec_heat_seasonal
507507,nimo_non_electric_heating
508341,nimo_non_electric_heating
525956,nimo_non_electric_heating
539979,nimo_non_electric_heating
544134,nimo_non_electric_heating
545600,nimo_non_electric_heating
547824,nimo_non_electric_heating
488727,nimo_non_electric_heating
490122,nimo_non_electric_heating
495524,nimo_non_electric_heating
506198,nimo_elec_heat_seasonal
508250,nimo_non_electric_heating
509039,nimo_non_electric_heating
516181,nimo_non_electric_heating
516598,nimo_non_electric_heating
525091,nimo_non_electric_heating
530628,nimo_non_electric_heating
534868,nimo_non_electric_heating
541069,nimo_elec_heat_seasonal
542024,nimo_non_electric_heating
543407,nimo_non_electric_heating
493239,nimo_non_electric_heating
496348,nimo_non_electric_heating
500994,nimo_non_electric_heating
506688,nimo_non_electric_heating
512834,nimo_non_electric_heating
529274,nimo_non_electric_heating
529499,nimo_non_electric_heating
539365,nimo_non_electric_heating
548349,nimo_non_electric_heating
499164,nimo_non_electric_heating
499906,nimo_non_electric_heating
508388,nimo_non_electric_heating
511169,nimo_non_electric_heating
511408,nimo_elec_heat_seasonal
512062,nimo_non_electric_heating
515418,nimo_non_electric_heating
517651,nimo_non_electric_heating
518168,nimo_elec_heat_seasonal
520803,nimo_non_electric_heating
525548,nimo_non_electric_heating
536213,nimo_non_electric_heating
540653,nimo_elec_heat_seasonal
546737,nimo_non_electric_heating
489928,nimo_non_electric_heating
493819,nimo_non_electric_heating
495963,nimo_non_electric_heating
498745,nimo_non_electric_heating
504549,nimo_non_electric_heating
520008,nimo_non_electric_heating
530137,nimo_non_electric_heating
533563,nimo_non_electric_heating
538741,nimo_non_electric_heating
543870,nimo_non_electric_heating
545326,nimo_non_electric_heating
546703,nimo_elec_heat_seasonal
549807,nimo_non_electric_heating
484895,nimo_elec_heat_seasonal
486079,nimo_elec_heat_seasonal
497727,nimo_non_electric_heating
513820,nimo_non_electric_heating
519380,nimo_non_electric_heating
520425,nimo_non_electric_heating
533545,nimo_non_electric_heating
544026,nimo_elec_heat_seasonal
547964,nimo_non_electric_heating
484368,nimo_non_electric_heating
491695,nimo_non_electric_heating
493602,nimo_non_electric_heating
505620,nimo_non_electric_heating
512567,nimo_elec_heat_seasonal
517182,nimo_elec_heat_seasonal
519494,nimo_elec_heat_seasonal
537618,nimo_elec_heat_seasonal
541950,nimo_non_electric_heating
545075,nimo_non_electric_heating
481035,nimo_non_electric_heating
496483,nimo_non_electric_heating
499618,nimo_non_electric_heating
506302,nimo_non_electric_heating
507127,nimo_non_electric_heating
508296,nimo_non_electric_heating
511316,nimo_non_electric_heating
518244,nimo_non_electric_heating
536604,nimo_non_electric_heating
543399,nimo_non_electric_heating
545095,nimo_elec_heat_seasonal
546800,nimo_elec_heat_seasonal
548198,nimo_elec_heat_seasonal
482006,nimo_non_electric_heating
482667,nimo_non_electric_heating
483137,nimo_non_electric_heating
489536,nimo_non_electric_heating
489740,nimo_non_electric_heating
495069,nimo_non_electric_heating
496967,nimo_non_electric_heating
509595,nimo_non_electric_heating
526944,nimo_non_electric_heating
530832,nimo_elec_heat_seasonal
534303,nimo_non_electric_heating
535200,nimo_non_electric_heating
545512,nimo_non_electric_heating
545863,nimo_elec_heat_seasonal
547048,nimo_non_electric_heating
482527,nimo_elec_heat_seasonal
484491,nimo_non_electric_heating
488499,nimo_elec_heat_seasonal
490866,nimo_elec_heat_seasonal
495025,nimo_non_electric_heating
511252,nimo_non_electric_heating
513263,nimo_non_electric_heating
518408,nimo_non_electric_heating
537374,nimo_non_electric_heating
541123,nimo_non_electric_heating
481343,nimo_non_electric_heating
490486,nimo_non_electric_heating
490760,nimo_non_electric_heating
506458,nimo_non_electric_heating
507282,nimo_elec_heat_seasonal
528468,nimo_non_electric_heating
546885,nimo_non_electric_heating
481391,nimo_non_electric_heating
482293,nimo_non_electric_heating
484369,nimo_non_electric_heating
489879,nimo_non_electric_heating
491693,nimo_elec_heat_seasonal
496474,nimo_non_electric_heating
499669,nimo_elec_heat_seasonal
502121,nimo_non_electric_heating
502330,nimo_non_electric_heating
504152,nimo_non_electric_heating
516364,nimo_non_electric_heating
520296,nimo_non_electric_heating
480394,nimo_non_electric_heating
483098,nimo_non_electric_heating
487187,nimo_non_electric_heating
490567,nimo_non_electric_heating
498484,nimo_elec_heat_seasonal
498508,nimo_non_electric_heating
502480,nimo_non_electric_heating
507810,nimo_non_electric_heating
509465,nimo_elec_heat_seasonal
516338,nimo_non_electric_heating
518485,nimo_non_electric_heating
519615,nimo_non_electric_heating
520118,nimo_elec_heat_seasonal
522310,nimo_elec_heat_seasonal
525595,nimo_elec_heat_seasonal
532607,nimo_non_electric_heating
534313,nimo_non_electric_heating
535025,nimo_non_electric_heating
539764,nimo_non_electric_heating
544247,nimo_non_electric_heating
548852,nimo_non_electric_heating
497573,nimo_non_electric_heating
498161,nimo_non_electric_heating
504067,nimo_non_electric_heating
513220,nimo_non_electric_heating
526131,nimo_non_electric_heating
529436,nimo_non_electric_heating
534183,nimo_non_electric_heating
535116,nimo_non_electric_heating
484905,nimo_non_electric_heating
486980,nimo_non_electric_heating
494916,nimo_elec_heat_seasonal
495143,nimo_non_electric_heating
496549,nimo_non_electric_heating
506389,nimo_elec_heat_seasonal
507979,nimo_non_electric_heating
514854,nimo_non_electric_heating
517143,nimo_non_electric_heating
519967,nimo_non_electric_heating
536098,nimo_non_electric_heating
537381,nimo_non_electric_heating
549104,nimo_non_electric_heating
68321,nimo_non_electric_heating
501270,nimo_non_electric_heating
510602,nimo_non_electric_heating
511173,nimo_non_electric_heating
513203,nimo_non_electric_heating
513693,nimo_non_electric_heating
515078,nimo_non_electric_heating
531594,nimo_non_electric_heating
534926,nimo_non_electric_heating
535395,nimo_non_electric_heating
481844,nimo_non_electric_heating
484254,nimo_non_electric_heating
484505,nimo_non_electric_heating
486741,nimo_elec_heat_seasonal
486796,nimo_elec_heat_seasonal
497518,nimo_non_electric_heating
518041,nimo_non_electric_heating
519739,nimo_non_electric_heating
521573,nimo_non_electric_heating
533377,nimo_non_electric_heating
534046,nimo_non_electric_heating
536619,nimo_non_electric_heating
537850,nimo_non_electric_heating
541833,nimo_non_electric_heating
547027,nimo_elec_heat_seasonal
549907,nimo_non_electric_heating
483663,nimo_non_electric_heating
485221,nimo_non_electric_heating
490711,nimo_elec_heat_seasonal
491621,nimo_non_electric_heating
494638,nimo_non_electric_heating
501859,nimo_non_electric_heating
512081,nimo_non_electric_heating
513786,nimo_non_electric_heating
514281,nimo_non_electric_heating
515262,nimo_non_electric_heating
537546,nimo_non_electric_heating
541779,nimo_elec_heat_seasonal
483318,nimo_non_electric_heating
484663,nimo_non_electric_heating
492829,nimo_non_electric_heating
495208,nimo_non_electric_heating
496616,nimo_non_electric_heating
497339,nimo_non_electric_heating
501479,nimo_non_electric_heating
504682,nimo_non_electric_heating
505481,nimo_non_electric_heating
513941,nimo_non_electric_heating
517602,nimo_non_electric_heating
517628,nimo_non_electric_heating
517919,nimo_non_electric_heating
518306,nimo_non_electric_heating
521728,nimo_non_electric_heating
524001,nimo_non_electric_heating
532617,nimo_non_electric_heating
482460,nimo_non_electric_heating
500898,nimo_non_electric_heating
511319,nimo_non_electric_heating
519012,nimo_non_electric_heating
529094,nimo_non_electric_heating
532942,nimo_non_electric_heating
537524,nimo_non_electric_heating
549181,nimo_non_electric_heating
485461,nimo_non_electric_heating
486638,nimo_non_electric_heating
488391,nimo_elec_heat_seasonal
498322,nimo_non_electric_heating
498505,nimo_elec_heat_seasonal
500536,nimo_non_electric_heating
502076,nimo_non_electric_heating
509698,nimo_non_electric_heating
510776,nimo_non_electric_heating
511645,nimo_non_electric_heating
515499,nimo_non_electric_heating
519951,nimo_non_electric_heating
521746,nimo_elec_heat_seasonal
530588,nimo_non_electric_heating
536031,nimo_non_electric_heating
542116,nimo_non_electric_heating
548393,nimo_non_electric_heating
549208,nimo_non_electric_heating
487267,nimo_non_electric_heating
515553,nimo_non_electric_heating
521485,nimo_non_electric_heating
528028,nimo_non_electric_heating
528758,nimo_non_electric_heating
531848,nimo_elec_heat_seasonal
547517,nimo_non_electric_heating
547693,nimo_non_electric_heating
480844,nimo_non_electric_heating
486089,nimo_non_electric_heating
487632,nimo_non_electric_heating
487973,nimo_non_electric_heating
499212,nimo_non_electric_heating
503356,nimo_non_electric_heating
507968,nimo_non_electric_heating
515897,nimo_non_electric_heating
518463,nimo_non_electric_heating
525336,nimo_elec_heat_seasonal
528433,nimo_elec_heat_seasonal
536066,nimo_non_electric_heating
138234,nimo_non_electric_heating
146326,nimo_non_electric_heating
152829,nimo_non_electric_heating
156658,nimo_non_electric_heating
156915,nimo_non_electric_heating
159526,nimo_non_electric_heating
161411,nimo_non_electric_heating
164806,nimo_non_electric_heating
168404,nimo_non_electric_heating
168599,nimo_non_electric_heating
168971,nimo_non_electric_heating
177735,nimo_non_electric_heating
179507,nimo_elec_heat_seasonal
182515,nimo_non_electric_heating
185119,nimo_non_electric_heating
199161,nimo_non_electric_heating
199520,nimo_non_electric_heating
149666,nimo_non_electric_heating
150022,nimo_non_electric_heating
153273,nimo_non_electric_heating
186687,nimo_non_electric_heating
189583,nimo_non_electric_heating
202033,nimo_non_electric_heating
143699,nimo_non_electric_heating
146272,nimo_non_electric_heating
147798,nimo_non_electric_heating
162977,nimo_non_electric_heating
171537,nimo_non_electric_heating
176263,nimo_non_electric_heating
182816,nimo_non_electric_heating
188258,nimo_non_electric_heating
190113,nimo_non_electric_heating
137473,nimo_non_electric_heating
138547,nimo_non_electric_heating
142520,nimo_non_electric_heating
168036,nimo_elec_heat_seasonal
172725,nimo_non_electric_heating
174684,nimo_non_electric_heating
174755,nimo_elec_heat_seasonal
175179,nimo_non_electric_heating
183736,nimo_non_electric_heating
183850,nimo_non_electric_heating
184019,nimo_non_electric_heating
185687,nimo_elec_heat_seasonal
185749,nimo_non_electric_heating
188206,nimo_non_electric_heating
188801,nimo_non_electric_heating
191317,nimo_non_electric_heating
199130,nimo_non_electric_heating
136696,nimo_non_electric_heating
136769,nimo_non_electric_heating
139720,nimo_non_electric_heating
140902,nimo_non_electric_heating
142563,nimo_non_electric_heating
147945,nimo_non_electric_heating
152358,nimo_elec_heat_seasonal
165851,nimo_elec_heat_seasonal
180358,nimo_non_electric_heating
187381,nimo_non_electric_heating
196798,nimo_non_electric_heating
137010,nimo_elec_heat_seasonal
137664,nimo_non_electric_heating
148093,nimo_non_electric_heating
148482,nimo_elec_heat_seasonal
155614,nimo_non_electric_heating
159618,nimo_non_electric_heating
186344,nimo_non_electric_heating
188929,nimo_non_electric_heating
196421,nimo_non_electric_heating
197143,nimo_non_electric_heating
205272,nimo_non_electric_heating
136795,nimo_non_electric_heating
141377,nimo_non_electric_heating
141542,nimo_non_electric_heating
144263,nimo_non_electric_heating
153051,nimo_non_electric_heating
153613,nimo_non_electric_heating
167140,nimo_non_electric_heating
170066,nimo_non_electric_heating
171010,nimo_non_electric_heating
173093,nimo_non_electric_heating
176296,nimo_non_electric_heating
179352,nimo_non_electric_heating
199295,nimo_non_electric_heating
200194,nimo_non_electric_heating
203947,nimo_non_electric_heating
137211,nimo_non_electric_heating
151442,nimo_non_electric_heating
152135,nimo_elec_heat_seasonal
166750,nimo_non_electric_heating
169333,nimo_non_electric_heating
169541,nimo_non_electric_heating
171103,nimo_non_electric_heating
173796,nimo_non_electric_heating
178990,nimo_non_electric_heating
183784,nimo_non_electric_heating
186542,nimo_non_electric_heating
191755,nimo_non_electric_heating
193430,nimo_non_electric_heating
193627,nimo_non_electric_heating
194272,nimo_non_electric_heating
199751,nimo_non_electric_heating
202111,nimo_non_electric_heating
146519,nimo_non_electric_heating
149737,nimo_non_electric_heating
159134,nimo_elec_heat_seasonal
159604,nimo_non_electric_heating
164317,nimo_non_electric_heating
190037,nimo_non_electric_heating
193722,nimo_non_electric_heating
138711,nimo_non_electric_heating
139749,nimo_non_electric_heating
144095,nimo_non_electric_heating
144412,nimo_non_electric_heating
150510,nimo_non_electric_heating
161136,nimo_non_electric_heating
163319,nimo_non_electric_heating
169496,nimo_non_electric_heating
173393,nimo_non_electric_heating
173781,nimo_non_electric_heating
184658,nimo_non_electric_heating
197902,nimo_non_electric_heating
197934,nimo_non_electric_heating
203988,nimo_non_electric_heating
136743,nimo_elec_heat_seasonal
137840,nimo_elec_heat_seasonal
140751,nimo_non_electric_heating
146577,nimo_elec_heat_seasonal
146871,nimo_non_electric_heating
149658,nimo_non_electric_heating
156309,nimo_non_electric_heating
157224,nimo_non_electric_heating
158847,nimo_non_electric_heating
165244,nimo_elec_heat_seasonal
171265,nimo_non_electric_heating
179900,nimo_non_electric_heating
181715,nimo_non_electric_heating
182866,nimo_non_electric_heating
195542,nimo_elec_heat_seasonal
198923,nimo_non_electric_heating
199902,nimo_non_electric_heating
141251,nimo_non_electric_heating
142329,nimo_elec_heat_seasonal
162767,nimo_non_electric_heating
171229,nimo_non_electric_heating
177521,nimo_non_electric_heating
178023,nimo_non_electric_heating
184008,nimo_non_electric_heating
184428,nimo_elec_heat_seasonal
203674,nimo_non_electric_heating
139690,nimo_non_electric_heating
145254,nimo_non_electric_heating
145968,nimo_non_electric_heating
149981,nimo_elec_heat_seasonal
162991,nimo_non_electric_heating
168021,nimo_elec_heat_seasonal
168982,nimo_non_electric_heating
177437,nimo_non_electric_heating
189528,nimo_elec_heat_seasonal
194824,nimo_non_electric_heating
196033,nimo_non_electric_heating
196098,nimo_non_electric_heating
201321,nimo_non_electric_heating
205006,nimo_non_electric_heating
136485,nimo_non_electric_heating
138810,nimo_non_electric_heating
142583,nimo_non_electric_heating
143254,nimo_non_electric_heating
143263,nimo_non_electric_heating
144667,nimo_non_electric_heating
145150,nimo_non_electric_heating
145778,nimo_non_electric_heating
147774,nimo_non_electric_heating
151311,nimo_non_electric_heating
153411,nimo_elec_heat_seasonal
154118,nimo_elec_heat_seasonal
157009,nimo_non_electric_heating
160453,nimo_non_electric_heating
165671,nimo_elec_heat_seasonal
190314,nimo_non_electric_heating
190852,nimo_non_electric_heating
195145,nimo_non_electric_heating
158332,nimo_non_electric_heating
162969,nimo_non_electric_heating
165194,nimo_non_electric_heating
166369,nimo_non_electric_heating
168563,nimo_non_electric_heating
171017,nimo_non_electric_heating
179646,nimo_elec_heat_seasonal
186494,nimo_non_electric_heating
187980,nimo_non_electric_heating
201999,nimo_non_electric_heating
148538,nimo_non_electric_heating
151040,nimo_non_electric_heating
155774,nimo_non_electric_heating
156157,nimo_non_electric_heating
157700,nimo_elec_heat_seasonal
163008,nimo_non_electric_heating
182053,nimo_non_electric_heating
191556,nimo_non_electric_heating
193959,nimo_non_electric_heating
203650,nimo_non_electric_heating
144969,nimo_non_electric_heating
145692,nimo_elec_heat_seasonal
146946,nimo_non_electric_heating
158670,nimo_non_electric_heating
161060,nimo_elec_heat_seasonal
167418,nimo_non_electric_heating
168538,nimo_non_electric_heating
188269,nimo_non_electric_heating
197302,nimo_non_electric_heating
202109,nimo_non_electric_heating
138097,nimo_non_electric_heating
153529,nimo_non_electric_heating
154733,nimo_non_electric_heating
164458,nimo_non_electric_heating
165995,nimo_non_electric_heating
170816,nimo_elec_heat_seasonal
172075,nimo_elec_heat_seasonal
175594,nimo_non_electric_heating
184636,nimo_non_electric_heating
185946,nimo_non_electric_heating
197773,nimo_elec_heat_seasonal
138473,nimo_non_electric_heating
141690,nimo_non_electric_heating
142407,nimo_non_electric_heating
149840,nimo_non_electric_heating
166952,nimo_elec_heat_seasonal
171497,nimo_non_electric_heating
171941,nimo_non_electric_heating
174718,nimo_elec_heat_seasonal
174856,nimo_non_electric_heating
184539,nimo_non_electric_heating
185865,nimo_non_electric_heating
196447,nimo_elec_heat_seasonal
199077,nimo_non_electric_heating
146202,nimo_non_electric_heating
147535,nimo_elec_heat_seasonal
149792,nimo_elec_heat_seasonal
161800,nimo_non_electric_heating
163413,nimo_non_electric_heating
169573,nimo_non_electric_heating
181011,nimo_non_electric_heating
185933,nimo_non_electric_heating
189804,nimo_non_electric_heating
192983,nimo_non_electric_heating
199673,nimo_non_electric_heating
141634,nimo_non_electric_heating
143019,nimo_non_electric_heating
143959,nimo_non_electric_heating
152028,nimo_non_electric_heating
158512,nimo_non_electric_heating
160679,nimo_non_electric_heating
163193,nimo_non_electric_heating
164640,nimo_elec_heat_seasonal
168258,nimo_non_electric_heating
168414,nimo_non_electric_heating
171218,nimo_non_electric_heating
181980,nimo_non_electric_heating
189050,nimo_non_electric_heating
191266,nimo_non_electric_heating
194486,nimo_elec_heat_seasonal
195043,nimo_non_electric_heating
200729,nimo_non_electric_heating
204488,nimo_non_electric_heating
143794,nimo_non_electric_heating
145762,nimo_non_electric_heating
151874,nimo_non_electric_heating
152385,nimo_non_electric_heating
166516,nimo_non_electric_heating
170245,nimo_non_electric_heating
170606,nimo_non_electric_heating
174237,nimo_non_electric_heating
175260,nimo_non_electric_heating
176690,nimo_non_electric_heating
177339,nimo_non_electric_heating
177685,nimo_non_electric_heating
178238,nimo_non_electric_heating
188343,nimo_non_electric_heating
189862,nimo_non_electric_heating
190150,nimo_non_electric_heating
195529,nimo_non_electric_heating
197385,nimo_non_electric_heating
197822,nimo_non_electric_heating
204080,nimo_non_electric_heating
204530,nimo_non_electric_heating
140894,nimo_non_electric_heating
152692,nimo_non_electric_heating
161413,nimo_non_electric_heating
162808,nimo_non_electric_heating
163809,nimo_non_electric_heating
164080,nimo_non_electric_heating
165485,nimo_elec_heat_seasonal
169439,nimo_non_electric_heating
169568,nimo_non_electric_heating
171334,nimo_non_electric_heating
171982,nimo_non_electric_heating
173812,nimo_non_electric_heating
175791,nimo_non_electric_heating
179688,nimo_non_electric_heating
183059,nimo_non_electric_heating
184768,nimo_non_electric_heating
185722,nimo_non_electric_heating
187488,nimo_non_electric_heating
192238,nimo_non_electric_heating
138484,nimo_non_electric_heating
147654,nimo_non_electric_heating
149648,nimo_non_electric_heating
159605,nimo_elec_heat_seasonal
160332,nimo_non_electric_heating
176138,nimo_non_electric_heating
192687,nimo_non_electric_heating
195463,nimo_non_electric_heating
196870,nimo_non_electric_heating
204738,nimo_non_electric_heating
143511,nimo_non_electric_heating
146532,nimo_non_electric_heating
156254,nimo_non_electric_heating
174131,nimo_non_electric_heating
175453,nimo_non_electric_heating
175661,nimo_non_electric_heating
183419,nimo_non_electric_heating
187584,nimo_non_electric_heating
192853,nimo_elec_heat_seasonal
193599,nimo_non_electric_heating
198694,nimo_non_electric_heating
199926,nimo_non_electric_heating
202217,nimo_non_electric_heating
137530,nimo_non_electric_heating
139254,nimo_non_electric_heating
141517,nimo_non_electric_heating
142051,nimo_non_electric_heating
146470,nimo_non_electric_heating
159730,nimo_non_electric_heating
159899,nimo_elec_heat_seasonal
161477,nimo_non_electric_heating
162731,nimo_non_electric_heating
167222,nimo_non_electric_heating
167237,nimo_non_electric_heating
167448,nimo_non_electric_heating
175663,nimo_non_electric_heating
179924,nimo_elec_heat_seasonal
180141,nimo_non_electric_heating
180959,nimo_non_electric_heating
186839,nimo_non_electric_heating
196125,nimo_elec_heat_seasonal
199268,nimo_non_electric_heating
202169,nimo_non_electric_heating
143277,nimo_non_electric_heating
143642,nimo_non_electric_heating
145802,nimo_non_electric_heating
149898,nimo_non_electric_heating
154800,nimo_elec_heat_seasonal
156103,nimo_non_electric_heating
161312,nimo_elec_heat_seasonal
166232,nimo_elec_heat_seasonal
166445,nimo_non_electric_heating
175408,nimo_non_electric_heating
179669,nimo_non_electric_heating
180619,nimo_elec_heat_seasonal
183393,nimo_non_electric_heating
184376,nimo_non_electric_heating
199485,nimo_non_electric_heating
200659,nimo_non_electric_heating
137128,nimo_elec_heat_seasonal
138843,nimo_non_electric_heating
144298,nimo_elec_heat_seasonal
144634,nimo_non_electric_heating
148285,nimo_non_electric_heating
149867,nimo_elec_heat_seasonal
154133,nimo_non_electric_heating
156749,nimo_non_electric_heating
156854,nimo_non_electric_heating
162190,nimo_non_electric_heating
176216,nimo_non_electric_heating
177312,nimo_non_electric_heating
180330,nimo_non_electric_heating
181181,nimo_non_electric_heating
184646,nimo_non_electric_heating
196084,nimo_non_electric_heating
203510,nimo_elec_heat_seasonal
143921,nimo_non_electric_heating
151141,nimo_non_electric_heating
153633,nimo_non_electric_heating
154034,nimo_non_electric_heating
162389,nimo_non_electric_heating
165415,nimo_non_electric_heating
165808,nimo_non_electric_heating
170174,nimo_non_electric_heating
177639,nimo_non_electric_heating
180501,nimo_non_electric_heating
184375,nimo_non_electric_heating
188767,nimo_non_electric_heating
197068,nimo_non_electric_heating
145876,nimo_non_electric_heating
146989,nimo_elec_heat_seasonal
154064,nimo_non_electric_heating
154089,nimo_non_electric_heating
159967,nimo_elec_heat_seasonal
170568,nimo_non_electric_heating
172840,nimo_non_electric_heating
184796,nimo_non_electric_heating
194969,nimo_non_electric_heating
195172,nimo_non_electric_heating
196590,nimo_non_electric_heating
136558,nimo_non_electric_heating
138468,nimo_non_electric_heating
152979,nimo_non_electric_heating
182126,nimo_non_electric_heating
182168,nimo_non_electric_heating
189053,nimo_non_electric_heating
190046,nimo_non_electric_heating
191090,nimo_non_electric_heating
200291,nimo_elec_heat_seasonal
202056,nimo_non_electric_heating
139488,nimo_non_electric_heating
140422,nimo_non_electric_heating
140633,nimo_non_electric_heating
145393,nimo_non_electric_heating
146903,nimo_elec_heat_seasonal
156850,nimo_non_electric_heating
162997,nimo_non_electric_heating
167129,nimo_non_electric_heating
169593,nimo_non_electric_heating
169967,nimo_elec_heat_seasonal
171752,nimo_non_electric_heating
189308,nimo_non_electric_heating
191286,nimo_non_electric_heating
197567,nimo_non_electric_heating
145271,nimo_non_electric_heating
152852,nimo_non_electric_heating
154552,nimo_non_electric_heating
158972,nimo_elec_heat_seasonal
167852,nimo_non_electric_heating
170804,nimo_non_electric_heating
181370,nimo_non_electric_heating
186407,nimo_non_electric_heating
186550,nimo_non_electric_heating
199691,nimo_non_electric_heating
139889,nimo_non_electric_heating
150306,nimo_non_electric_heating
162739,nimo_non_electric_heating
165159,nimo_non_electric_heating
169209,nimo_non_electric_heating
169385,nimo_non_electric_heating
174059,nimo_non_electric_heating
176939,nimo_non_electric_heating
187672,nimo_elec_heat_seasonal
190664,nimo_non_electric_heating
190931,nimo_non_electric_heating
192596,nimo_non_electric_heating
193687,nimo_non_electric_heating
196177,nimo_elec_heat_seasonal
199716,nimo_non_electric_heating
204682,nimo_elec_heat_seasonal
141606,nimo_non_electric_heating
141864,nimo_elec_heat_seasonal
141971,nimo_non_electric_heating
145612,nimo_non_electric_heating
148209,nimo_elec_heat_seasonal
150508,nimo_non_electric_heating
154544,nimo_non_electric_heating
156121,nimo_non_electric_heating
158787,nimo_non_electric_heating
158896,nimo_non_electric_heating
160954,nimo_non_electric_heating
176343,nimo_non_electric_heating
176393,nimo_non_electric_heating
181612,nimo_non_electric_heating
183553,nimo_non_electric_heating
141068,nimo_non_electric_heating
148599,nimo_non_electric_heating
149707,nimo_non_electric_heating
153544,nimo_non_electric_heating
161427,nimo_non_electric_heating
173716,nimo_elec_heat_seasonal
176695,nimo_non_electric_heating
177115,nimo_non_electric_heating
188570,nimo_non_electric_heating
194598,nimo_non_electric_heating
148527,nimo_non_electric_heating
152522,nimo_non_electric_heating
153125,nimo_non_electric_heating
166478,nimo_non_electric_heating
168936,nimo_non_electric_heating
178133,nimo_non_electric_heating
185289,nimo_non_electric_heating
189326,nimo_non_electric_heating
193279,nimo_non_electric_heating
197073,nimo_non_electric_heating
198363,nimo_non_electric_heating
204631,nimo_non_electric_heating
138091,nimo_elec_heat_seasonal
138095,nimo_non_electric_heating
139847,nimo_non_electric_heating
140794,nimo_non_electric_heating
146353,nimo_non_electric_heating
154774,nimo_non_electric_heating
154927,nimo_non_electric_heating
158790,nimo_non_electric_heating
160037,nimo_non_electric_heating
167023,nimo_non_electric_heating
171872,nimo_elec_heat_seasonal
172618,nimo_non_electric_heating
182825,nimo_non_electric_heating
199637,nimo_elec_heat_seasonal
146586,nimo_non_electric_heating
150700,nimo_non_electric_heating
157232,nimo_non_electric_heating
160446,nimo_non_electric_heating
165972,nimo_non_electric_heating
175227,nimo_elec_heat_seasonal
187969,nimo_elec_heat_seasonal
139623,nimo_non_electric_heating
146980,nimo_non_electric_heating
148998,nimo_non_electric_heating
158044,nimo_non_electric_heating
158585,nimo_non_electric_heating
159375,nimo_non_electric_heating
166350,nimo_non_electric_heating
168055,nimo_non_electric_heating
169191,nimo_non_electric_heating
191369,nimo_non_electric_heating
193691,nimo_non_electric_heating
198533,nimo_non_electric_heating
203371,nimo_non_electric_heating
342729,nimo_non_electric_heating
140992,nimo_non_electric_heating
146363,nimo_non_electric_heating
154915,nimo_non_electric_heating
163595,nimo_non_electric_heating
164312,nimo_non_electric_heating
171730,nimo_non_electric_heating
173063,nimo_non_electric_heating
179088,nimo_non_electric_heating
180791,nimo_non_electric_heating
181227,nimo_non_electric_heating
182582,nimo_non_electric_heating
185398,nimo_non_electric_heating
199072,nimo_non_electric_heating
203491,nimo_non_electric_heating
142318,nimo_non_electric_heating
164841,nimo_non_electric_heating
177960,nimo_non_electric_heating
198514,nimo_non_electric_heating
137370,nimo_non_electric_heating
139881,nimo_elec_heat_seasonal
140707,nimo_non_electric_heating
147116,nimo_elec_heat_seasonal
158475,nimo_non_electric_heating
168939,nimo_non_electric_heating
170723,nimo_non_electric_heating
174790,nimo_non_electric_heating
184737,nimo_non_electric_heating
186428,nimo_non_electric_heating
193094,nimo_non_electric_heating
193801,nimo_non_electric_heating
194156,nimo_non_electric_heating
195107,nimo_non_electric_heating
205031,nimo_non_electric_heating
148294,nimo_non_electric_heating
148481,nimo_non_electric_heating
148899,nimo_non_electric_heating
151615,nimo_non_electric_heating
153524,nimo_non_electric_heating
154693,nimo_elec_heat_seasonal
162604,nimo_non_electric_heating
163351,nimo_non_electric_heating
163896,nimo_non_electric_heating
163919,nimo_non_electric_heating
167781,nimo_non_electric_heating
171738,nimo_non_electric_heating
175710,nimo_non_electric_heating
177643,nimo_non_electric_heating
177890,nimo_non_electric_heating
184422,nimo_non_electric_heating
185276,nimo_elec_heat_seasonal
195724,nimo_non_electric_heating
196231,nimo_non_electric_heating
200611,nimo_non_electric_heating
204610,nimo_non_electric_heating
138372,nimo_non_electric_heating
143889,nimo_elec_heat_seasonal
146447,nimo_non_electric_heating
157635,nimo_non_electric_heating
160981,nimo_non_electric_heating
162744,nimo_non_electric_heating
164698,nimo_elec_heat_seasonal
164724,nimo_non_electric_heating
179242,nimo_non_electric_heating
184722,nimo_non_electric_heating
187536,nimo_elec_heat_seasonal
193163,nimo_non_electric_heating
199360,nimo_non_electric_heating
141132,nimo_non_electric_heating
141862,nimo_non_electric_heating
144424,nimo_non_electric_heating
151860,nimo_elec_heat_seasonal
153944,nimo_non_electric_heating
158522,nimo_non_electric_heating
159547,nimo_non_electric_heating
162289,nimo_non_electric_heating
164368,nimo_non_electric_heating
171025,nimo_non_electric_heating
174962,nimo_non_electric_heating
179449,nimo_non_electric_heating
185544,nimo_non_electric_heating
192535,nimo_elec_heat_seasonal
195666,nimo_non_electric_heating
137713,nimo_elec_heat_seasonal
138328,nimo_non_electric_heating
142297,nimo_non_electric_heating
154273,nimo_non_electric_heating
160921,nimo_non_electric_heating
167941,nimo_non_electric_heating
180751,nimo_non_electric_heating
186808,nimo_non_electric_heating
193616,nimo_non_electric_heating
201182,nimo_non_electric_heating
137445,nimo_non_electric_heating
138354,nimo_elec_heat_seasonal
139164,nimo_non_electric_heating
150746,nimo_non_electric_heating
153020,nimo_non_electric_heating
175825,nimo_non_electric_heating
179164,nimo_non_electric_heating
183114,nimo_non_electric_heating
187804,nimo_non_electric_heating
189383,nimo_non_electric_heating
199171,nimo_non_electric_heating
140376,nimo_non_electric_heating
155334,nimo_non_electric_heating
165224,nimo_non_electric_heating
166192,nimo_non_electric_heating
183473,nimo_non_electric_heating
198586,nimo_non_electric_heating
199173,nimo_non_electric_heating
201377,nimo_non_electric_heating
155264,nimo_non_electric_heating
159548,nimo_non_electric_heating
162754,nimo_non_electric_heating
169699,nimo_non_electric_heating
184791,nimo_non_electric_heating
193441,nimo_non_electric_heating
196492,nimo_non_electric_heating
199660,nimo_non_electric_heating
200033,nimo_non_electric_heating
156175,nimo_non_electric_heating
163625,nimo_non_electric_heating
167192,nimo_non_electric_heating
167259,nimo_non_electric_heating
171122,nimo_non_electric_heating
173634,nimo_non_electric_heating
173777,nimo_non_electric_heating
181545,nimo_non_electric_heating
186473,nimo_non_electric_heating
188757,nimo_non_electric_heating
193646,nimo_non_electric_heating
194363,nimo_non_electric_heating
199156,nimo_non_electric_heating
146830,nimo_non_electric_heating
152168,nimo_non_electric_heating
155038,nimo_elec_heat_seasonal
169727,nimo_non_electric_heating
172670,nimo_non_electric_heating
173985,nimo_elec_heat_seasonal
175038,nimo_non_electric_heating
185995,nimo_non_electric_heating
187996,nimo_non_electric_heating
194649,nimo_non_electric_heating
195088,nimo_non_electric_heating
198325,nimo_non_electric_heating
201399,nimo_non_electric_heating
143838,nimo_non_electric_heating
167175,nimo_non_electric_heating
176051,nimo_non_electric_heating
176492,nimo_non_electric_heating
177033,nimo_non_electric_heating
184011,nimo_non_electric_heating
185807,nimo_non_electric_heating
186200,nimo_non_electric_heating
187744,nimo_non_electric_heating
191129,nimo_non_electric_heating
192359,nimo_non_electric_heating
197202,nimo_non_electric_heating
204598,nimo_non_electric_heating
204605,nimo_non_electric_heating
139325,nimo_elec_heat_seasonal
140671,nimo_non_electric_heating
159887,nimo_non_electric_heating
167177,nimo_non_electric_heating
167693,nimo_non_electric_heating
173111,nimo_non_electric_heating
177069,nimo_non_electric_heating
178005,nimo_non_electric_heating
183323,nimo_non_electric_heating
183439,nimo_non_electric_heating
190650,nimo_elec_heat_seasonal
197113,nimo_non_electric_heating
197276,nimo_non_electric_heating
198352,nimo_non_electric_heating
144731,nimo_non_electric_heating
154653,nimo_non_electric_heating
154997,nimo_non_electric_heating
156445,nimo_non_electric_heating
158932,nimo_non_electric_heating
161985,nimo_non_electric_heating
162463,nimo_non_electric_heating
169003,nimo_non_electric_heating
173083,nimo_non_electric_heating
173559,nimo_non_electric_heating
173629,nimo_elec_heat_seasonal
180126,nimo_non_electric_heating
182545,nimo_non_electric_heating
189386,nimo_non_electric_heating
189591,nimo_non_electric_heating
194117,nimo_elec_heat_seasonal
196384,nimo_non_electric_heating
198189,nimo_elec_heat_seasonal
153684,nimo_non_electric_heating
159617,nimo_non_electric_heating
160551,nimo_non_electric_heating
164063,nimo_non_electric_heating
169088,nimo_non_electric_heating
172401,nimo_non_electric_heating
181339,nimo_non_electric_heating
183980,nimo_non_electric_heating
188786,nimo_non_electric_heating
190773,nimo_elec_heat_seasonal
202606,nimo_non_electric_heating
139025,nimo_non_electric_heating
145410,nimo_elec_heat_seasonal
155554,nimo_non_electric_heating
158368,nimo_non_electric_heating
158907,nimo_non_electric_heating
164537,nimo_non_electric_heating
186973,nimo_non_electric_heating
188517,nimo_non_electric_heating
193704,nimo_non_electric_heating
196475,nimo_non_electric_heating
199308,nimo_non_electric_heating
201648,nimo_non_electric_heating
137098,nimo_non_electric_heating
141384,nimo_non_electric_heating
143770,nimo_non_electric_heating
145863,nimo_non_electric_heating
150149,nimo_non_electric_heating
154419,nimo_non_electric_heating
156938,nimo_non_electric_heating
158538,nimo_non_electric_heating
159059,nimo_non_electric_heating
168568,nimo_elec_heat_seasonal
170597,nimo_non_electric_heating
188466,nimo_non_electric_heating
188516,nimo_non_electric_heating
192760,nimo_non_electric_heating
195671,nimo_non_electric_heating
201541,nimo_non_electric_heating
204140,nimo_non_electric_heating
137548,nimo_non_electric_heating
139670,nimo_non_electric_heating
140835,nimo_non_electric_heating
143928,nimo_non_electric_heating
153352,nimo_non_electric_heating
153384,nimo_non_electric_heating
153798,nimo_non_electric_heating
163380,nimo_non_electric_heating
171331,nimo_non_electric_heating
180925,nimo_elec_heat_seasonal
189473,nimo_non_electric_heating
196987,nimo_non_electric_heating
136410,nimo_non_electric_heating
138889,nimo_non_electric_heating
142011,nimo_non_electric_heating
143323,nimo_non_electric_heating
143552,nimo_elec_heat_seasonal
144312,nimo_non_electric_heating
145600,nimo_non_electric_heating
146378,nimo_non_electric_heating
150261,nimo_non_electric_heating
150305,nimo_non_electric_heating
153343,nimo_elec_heat_seasonal
162559,nimo_non_electric_heating
164786,nimo_non_electric_heating
169600,nimo_elec_heat_seasonal
169702,nimo_elec_heat_seasonal
172595,nimo_non_electric_heating
183617,nimo_non_electric_heating
189270,nimo_non_electric_heating
197696,nimo_elec_heat_seasonal
200353,nimo_non_electric_heating
137882,nimo_non_electric_heating
141826,nimo_non_electric_heating
141937,nimo_non_electric_heating
142094,nimo_non_electric_heating
152303,nimo_non_electric_heating
152919,nimo_non_electric_heating
156228,nimo_elec_heat_seasonal
159753,nimo_non_electric_heating
160840,nimo_non_electric_heating
162451,nimo_non_electric_heating
163786,nimo_non_electric_heating
165028,nimo_non_electric_heating
165672,nimo_non_electric_heating
167438,nimo_non_electric_heating
173283,nimo_non_electric_heating
180633,nimo_non_electric_heating
182113,nimo_non_electric_heating
198122,nimo_non_electric_heating
198626,nimo_elec_heat_seasonal
137282,nimo_elec_heat_seasonal
142723,nimo_elec_heat_seasonal
146897,nimo_non_electric_heating
148783,nimo_non_electric_heating
149716,nimo_elec_heat_seasonal
149726,nimo_non_electric_heating
169964,nimo_non_electric_heating
174528,nimo_non_electric_heating
174822,nimo_non_electric_heating
186376,nimo_non_electric_heating
200559,nimo_non_electric_heating
200649,nimo_non_electric_heating
201502,nimo_non_electric_heating
203513,nimo_non_electric_heating
143548,nimo_non_electric_heating
145173,nimo_elec_heat_seasonal
146765,nimo_non_electric_heating
148458,nimo_non_electric_heating
163906,nimo_non_electric_heating
165841,nimo_non_electric_heating
184700,nimo_non_electric_heating
188272,nimo_elec_heat_seasonal
138774,nimo_non_electric_heating
139166,nimo_non_electric_heating
146274,nimo_non_electric_heating
148859,nimo_non_electric_heating
151037,nimo_non_electric_heating
151197,nimo_non_electric_heating
156662,nimo_non_electric_heating
156750,nimo_non_electric_heating
157697,nimo_non_electric_heating
162701,nimo_non_electric_heating
170478,nimo_non_electric_heating
170622,nimo_elec_heat_seasonal
178402,nimo_non_electric_heating
185844,nimo_non_electric_heating
196873,nimo_non_electric_heating
204448,nimo_non_electric_heating
277649,nimo_non_electric_heating
283169,nimo_non_electric_heating
289433,nimo_non_electric_heating
289530,nimo_non_electric_heating
306049,nimo_elec_heat_seasonal
310231,nimo_non_electric_heating
311990,nimo_non_electric_heating
318303,nimo_non_electric_heating
336547,nimo_elec_heat_seasonal
340293,nimo_non_electric_heating
340654,nimo_non_electric_heating
276140,nimo_non_electric_heating
278578,nimo_elec_heat_seasonal
290196,nimo_non_electric_heating
294191,nimo_non_electric_heating
305860,nimo_non_electric_heating
335498,nimo_non_electric_heating
338808,nimo_non_electric_heating
274527,nimo_non_electric_heating
276464,nimo_non_electric_heating
284199,nimo_non_electric_heating
289793,nimo_non_electric_heating
296012,nimo_non_electric_heating
305585,nimo_non_electric_heating
310409,nimo_elec_heat_seasonal
310560,nimo_non_electric_heating
311531,nimo_non_electric_heating
311877,nimo_non_electric_heating
313609,nimo_non_electric_heating
315691,nimo_non_electric_heating
317216,nimo_elec_heat_seasonal
329496,nimo_non_electric_heating
331579,nimo_non_electric_heating
335342,nimo_non_electric_heating
339550,nimo_non_electric_heating
282993,nimo_elec_heat_seasonal
285686,nimo_non_electric_heating
297487,nimo_non_electric_heating
301846,nimo_non_electric_heating
304913,nimo_elec_heat_seasonal
314565,nimo_elec_heat_seasonal
323144,nimo_non_electric_heating
327139,nimo_non_electric_heating
330829,nimo_non_electric_heating
335804,nimo_non_electric_heating
282760,nimo_non_electric_heating
291349,nimo_non_electric_heating
301200,nimo_non_electric_heating
309333,nimo_elec_heat_seasonal
309341,nimo_non_electric_heating
311061,nimo_elec_heat_seasonal
316637,nimo_non_electric_heating
318652,nimo_non_electric_heating
320897,nimo_non_electric_heating
322043,nimo_non_electric_heating
323386,nimo_non_electric_heating
327931,nimo_non_electric_heating
328962,nimo_non_electric_heating
329136,nimo_non_electric_heating
330587,nimo_non_electric_heating
338886,nimo_elec_heat_seasonal
280776,nimo_non_electric_heating
293769,nimo_non_electric_heating
299637,nimo_non_electric_heating
301858,nimo_non_electric_heating
317999,nimo_elec_heat_seasonal
323639,nimo_non_electric_heating
277943,nimo_non_electric_heating
291740,nimo_non_electric_heating
292571,nimo_non_electric_heating
293578,nimo_non_electric_heating
296737,nimo_non_electric_heating
299120,nimo_non_electric_heating
300696,nimo_non_electric_heating
301645,nimo_non_electric_heating
302272,nimo_non_electric_heating
309989,nimo_non_electric_heating
310921,nimo_non_electric_heating
311805,nimo_non_electric_heating
316640,nimo_non_electric_heating
317453,nimo_non_electric_heating
319516,nimo_elec_heat_seasonal
321542,nimo_non_electric_heating
336390,nimo_non_electric_heating
339262,nimo_non_electric_heating
340571,nimo_non_electric_heating
341181,nimo_non_electric_heating
286952,nimo_non_electric_heating
287861,nimo_non_electric_heating
293040,nimo_non_electric_heating
303842,nimo_non_electric_heating
309002,nimo_non_electric_heating
331891,nimo_non_electric_heating
338648,nimo_non_electric_heating
276257,nimo_non_electric_heating
277651,nimo_non_electric_heating
280600,nimo_non_electric_heating
282376,nimo_non_electric_heating
299073,nimo_non_electric_heating
304701,nimo_non_electric_heating
305209,nimo_non_electric_heating
307027,nimo_non_electric_heating
320928,nimo_non_electric_heating
322426,nimo_non_electric_heating
323060,nimo_non_electric_heating
327650,nimo_non_electric_heating
329802,nimo_non_electric_heating
331078,nimo_non_electric_heating
335650,nimo_non_electric_heating
338915,nimo_non_electric_heating
278493,nimo_non_electric_heating
282614,nimo_elec_heat_seasonal
287682,nimo_non_electric_heating
293631,nimo_non_electric_heating
295409,nimo_non_electric_heating
296891,nimo_non_electric_heating
297693,nimo_non_electric_heating
305624,nimo_non_electric_heating
307819,nimo_non_electric_heating
314589,nimo_non_electric_heating
316482,nimo_elec_heat_seasonal
316497,nimo_non_electric_heating
317501,nimo_non_electric_heating
326772,nimo_non_electric_heating
336816,nimo_non_electric_heating
341117,nimo_non_electric_heating
342598,nimo_non_electric_heating
278807,nimo_non_electric_heating
282101,nimo_elec_heat_seasonal
283770,nimo_elec_heat_seasonal
293056,nimo_non_electric_heating
293392,nimo_non_electric_heating
293941,nimo_non_electric_heating
294691,nimo_non_electric_heating
295600,nimo_elec_heat_seasonal
301563,nimo_non_electric_heating
304466,nimo_non_electric_heating
305443,nimo_non_electric_heating
313755,nimo_non_electric_heating
315388,nimo_non_electric_heating
338038,nimo_non_electric_heating
341395,nimo_non_electric_heating
286108,nimo_non_electric_heating
297002,nimo_non_electric_heating
304927,nimo_non_electric_heating
314673,nimo_non_electric_heating
319884,nimo_elec_heat_seasonal
291153,nimo_non_electric_heating
291829,nimo_non_electric_heating
298611,nimo_non_electric_heating
300775,nimo_non_electric_heating
302691,nimo_non_electric_heating
303470,nimo_non_electric_heating
304150,nimo_elec_heat_seasonal
309246,nimo_non_electric_heating
310062,nimo_elec_heat_seasonal
311550,nimo_non_electric_heating
312923,nimo_elec_heat_seasonal
313013,nimo_non_electric_heating
314723,nimo_non_electric_heating
315154,nimo_elec_heat_seasonal
320842,nimo_elec_heat_seasonal
322645,nimo_non_electric_heating
329569,nimo_non_electric_heating
335258,nimo_non_electric_heating
335617,nimo_non_electric_heating
341466,nimo_non_electric_heating
277659,nimo_non_electric_heating
285113,nimo_non_electric_heating
286050,nimo_non_electric_heating
291044,nimo_non_electric_heating
292144,nimo_non_electric_heating
295813,nimo_non_electric_heating
311575,nimo_non_electric_heating
313311,nimo_non_electric_heating
320464,nimo_non_electric_heating
320628,nimo_non_electric_heating
322772,nimo_elec_heat_seasonal
334326,nimo_non_electric_heating
336955,nimo_non_electric_heating
283993,nimo_elec_heat_seasonal
284871,nimo_non_electric_heating
284920,nimo_non_electric_heating
287483,nimo_non_electric_heating
288596,nimo_non_electric_heating
298132,nimo_elec_heat_seasonal
306979,nimo_elec_heat_seasonal
307119,nimo_non_electric_heating
307338,nimo_non_electric_heating
309508,nimo_non_electric_heating
335402,nimo_non_electric_heating
339178,nimo_elec_heat_seasonal
340391,nimo_non_electric_heating
342623,nimo_non_electric_heating
278977,nimo_non_electric_heating
283377,nimo_non_electric_heating
291630,nimo_non_electric_heating
297393,nimo_non_electric_heating
306138,nimo_non_electric_heating
311988,nimo_non_electric_heating
331917,nimo_elec_heat_seasonal
332329,nimo_non_electric_heating
336102,nimo_non_electric_heating
341399,nimo_non_electric_heating
276756,nimo_non_electric_heating
291056,nimo_non_electric_heating
294701,nimo_non_electric_heating
297742,nimo_non_electric_heating
299380,nimo_non_electric_heating
300307,nimo_non_electric_heating
305071,nimo_elec_heat_seasonal
309223,nimo_non_electric_heating
316046,nimo_non_electric_heating
318577,nimo_non_electric_heating
320214,nimo_non_electric_heating
321026,nimo_non_electric_heating
322189,nimo_non_electric_heating
328510,nimo_non_electric_heating
338437,nimo_elec_heat_seasonal
342374,nimo_non_electric_heating
287522,nimo_non_electric_heating
292344,nimo_non_electric_heating
307950,nimo_non_electric_heating
316575,nimo_non_electric_heating
318589,nimo_non_electric_heating
318840,nimo_non_electric_heating
322756,nimo_non_electric_heating
326051,nimo_non_electric_heating
326980,nimo_non_electric_heating
342363,nimo_non_electric_heating
342673,nimo_non_electric_heating
278333,nimo_non_electric_heating
288172,nimo_non_electric_heating
289797,nimo_non_electric_heating
302323,nimo_non_electric_heating
307894,nimo_non_electric_heating
320417,nimo_non_electric_heating
322330,nimo_non_electric_heating
324404,nimo_elec_heat_seasonal
327659,nimo_non_electric_heating
329649,nimo_non_electric_heating
336608,nimo_non_electric_heating
274530,nimo_non_electric_heating
274693,nimo_non_electric_heating
276161,nimo_elec_heat_seasonal
288152,nimo_non_electric_heating
288313,nimo_elec_heat_seasonal
293504,nimo_non_electric_heating
301623,nimo_non_electric_heating
302598,nimo_non_electric_heating
303341,nimo_non_electric_heating
308144,nimo_non_electric_heating
316452,nimo_elec_heat_seasonal
330840,nimo_non_electric_heating
331094,nimo_non_electric_heating
336992,nimo_non_electric_heating
337283,nimo_non_electric_heating
341336,nimo_non_electric_heating
274260,nimo_non_electric_heating
284936,nimo_non_electric_heating
291152,nimo_elec_heat_seasonal
304304,nimo_non_electric_heating
314079,nimo_non_electric_heating
314736,nimo_elec_heat_seasonal
323751,nimo_elec_heat_seasonal
327871,nimo_elec_heat_seasonal
331753,nimo_non_electric_heating
340949,nimo_non_electric_heating
341709,nimo_elec_heat_seasonal
341882,nimo_non_electric_heating
275215,nimo_elec_heat_seasonal
289256,nimo_non_electric_heating
289807,nimo_non_electric_heating
293084,nimo_non_electric_heating
293387,nimo_non_electric_heating
297835,nimo_non_electric_heating
302665,nimo_non_electric_heating
325874,nimo_non_electric_heating
326448,nimo_elec_heat_seasonal
328076,nimo_non_electric_heating
328082,nimo_non_electric_heating
329612,nimo_elec_heat_seasonal
335387,nimo_elec_heat_seasonal
339195,nimo_non_electric_heating
275396,nimo_non_electric_heating
279238,nimo_non_electric_heating
289521,nimo_non_electric_heating
296575,nimo_non_electric_heating
296866,nimo_non_electric_heating
300944,nimo_non_electric_heating
303471,nimo_elec_heat_seasonal
303941,nimo_non_electric_heating
312004,nimo_non_electric_heating
314550,nimo_elec_heat_seasonal
320451,nimo_non_electric_heating
326369,nimo_non_electric_heating
327444,nimo_non_electric_heating
329231,nimo_non_electric_heating
329483,nimo_non_electric_heating
274404,nimo_non_electric_heating
287490,nimo_non_electric_heating
294552,nimo_non_electric_heating
300762,nimo_non_electric_heating
313168,nimo_non_electric_heating
321931,nimo_elec_heat_seasonal
328346,nimo_non_electric_heating
333709,nimo_elec_heat_seasonal
334771,nimo_non_electric_heating
339098,nimo_non_electric_heating
275706,nimo_non_electric_heating
282131,nimo_non_electric_heating
293182,nimo_non_electric_heating
309895,nimo_non_electric_heating
318291,nimo_non_electric_heating
321686,nimo_non_electric_heating
327569,nimo_elec_heat_seasonal
332533,nimo_non_electric_heating
288143,nimo_elec_heat_seasonal
298628,nimo_non_electric_heating
300916,nimo_non_electric_heating
319616,nimo_non_electric_heating
320878,nimo_elec_heat_seasonal
332722,nimo_non_electric_heating
337036,nimo_non_electric_heating
337507,nimo_non_electric_heating
274253,nimo_non_electric_heating
281393,nimo_non_electric_heating
283395,nimo_non_electric_heating
287129,nimo_non_electric_heating
288216,nimo_non_electric_heating
309465,nimo_non_electric_heating
325031,nimo_non_electric_heating
327898,nimo_elec_heat_seasonal
328126,nimo_non_electric_heating
333228,nimo_elec_heat_seasonal
338897,nimo_non_electric_heating
339902,nimo_elec_heat_seasonal
279422,nimo_non_electric_heating
284921,nimo_non_electric_heating
285551,nimo_non_electric_heating
286262,nimo_non_electric_heating
293189,nimo_non_electric_heating
297241,nimo_non_electric_heating
303698,nimo_non_electric_heating
317902,nimo_non_electric_heating
323610,nimo_elec_heat_seasonal
324468,nimo_non_electric_heating
326462,nimo_non_electric_heating
327223,nimo_non_electric_heating
327677,nimo_non_electric_heating
327694,nimo_non_electric_heating
336632,nimo_non_electric_heating
337849,nimo_non_electric_heating
341079,nimo_non_electric_heating
341389,nimo_elec_heat_seasonal
278313,nimo_non_electric_heating
278916,nimo_non_electric_heating
280492,nimo_non_electric_heating
282477,nimo_non_electric_heating
295883,nimo_non_electric_heating
298982,nimo_elec_heat_seasonal
316312,nimo_elec_heat_seasonal
323311,nimo_non_electric_heating
326830,nimo_elec_heat_seasonal
328741,nimo_non_electric_heating
329212,nimo_non_electric_heating
337465,nimo_non_electric_heating
340603,nimo_non_electric_heating
341628,nimo_non_electric_heating
342562,nimo_non_electric_heating
275438,nimo_non_electric_heating
279941,nimo_non_electric_heating
293155,nimo_non_electric_heating
295191,nimo_non_electric_heating
304039,nimo_non_electric_heating
304292,nimo_non_electric_heating
322323,nimo_non_electric_heating
323231,nimo_non_electric_heating
327423,nimo_non_electric_heating
330750,nimo_elec_heat_seasonal
339223,nimo_non_electric_heating
276912,nimo_non_electric_heating
280475,nimo_non_electric_heating
284084,nimo_non_electric_heating
285309,nimo_non_electric_heating
286983,nimo_elec_heat_seasonal
305423,nimo_non_electric_heating
319233,nimo_non_electric_heating
337751,nimo_elec_heat_seasonal
340735,nimo_non_electric_heating
341236,nimo_non_electric_heating
341885,nimo_non_electric_heating
276262,nimo_non_electric_heating
288068,nimo_non_electric_heating
297859,nimo_non_electric_heating
305499,nimo_non_electric_heating
308129,nimo_non_electric_heating
315384,nimo_non_electric_heating
319814,nimo_elec_heat_seasonal
331177,nimo_elec_heat_seasonal
331328,nimo_elec_heat_seasonal
334475,nimo_non_electric_heating
337328,nimo_non_electric_heating
340796,nimo_non_electric_heating
279651,nimo_non_electric_heating
289515,nimo_non_electric_heating
290315,nimo_non_electric_heating
294251,nimo_elec_heat_seasonal
296069,nimo_non_electric_heating
299267,nimo_non_electric_heating
304876,nimo_non_electric_heating
313381,nimo_non_electric_heating
317275,nimo_non_electric_heating
320760,nimo_elec_heat_seasonal
328542,nimo_non_electric_heating
332812,nimo_non_electric_heating
276680,nimo_non_electric_heating
285955,nimo_non_electric_heating
286542,nimo_non_electric_heating
297789,nimo_non_electric_heating
300197,nimo_non_electric_heating
307297,nimo_non_electric_heating
321363,nimo_non_electric_heating
321994,nimo_non_electric_heating
328110,nimo_non_electric_heating
335740,nimo_non_electric_heating
338289,nimo_non_electric_heating
288304,nimo_elec_heat_seasonal
294612,nimo_non_electric_heating
295842,nimo_elec_heat_seasonal
296268,nimo_non_electric_heating
303818,nimo_non_electric_heating
305095,nimo_non_electric_heating
305214,nimo_elec_heat_seasonal
306113,nimo_non_electric_heating
306919,nimo_elec_heat_seasonal
308547,nimo_non_electric_heating
309149,nimo_non_electric_heating
310208,nimo_non_electric_heating
316618,nimo_non_electric_heating
322184,nimo_non_electric_heating
322300,nimo_non_electric_heating
323881,nimo_non_electric_heating
323965,nimo_non_electric_heating
329773,nimo_non_electric_heating
331587,nimo_non_electric_heating
332043,nimo_non_electric_heating
277158,nimo_elec_heat_seasonal
286568,nimo_non_electric_heating
299523,nimo_non_electric_heating
300000,nimo_elec_heat_seasonal
300839,nimo_elec_heat_seasonal
315508,nimo_non_electric_heating
318571,nimo_non_electric_heating
325691,nimo_elec_heat_seasonal
329191,nimo_non_electric_heating
333602,nimo_non_electric_heating
336419,nimo_non_electric_heating
281757,nimo_non_electric_heating
295845,nimo_non_electric_heating
299308,nimo_non_electric_heating
307368,nimo_non_electric_heating
308192,nimo_non_electric_heating
308387,nimo_non_electric_heating
308902,nimo_non_electric_heating
325068,nimo_elec_heat_seasonal
327387,nimo_non_electric_heating
329695,nimo_non_electric_heating
338461,nimo_elec_heat_seasonal
339202,nimo_non_electric_heating
341966,nimo_non_electric_heating
289805,nimo_non_electric_heating
290072,nimo_elec_heat_seasonal
300438,nimo_elec_heat_seasonal
300536,nimo_non_electric_heating
303444,nimo_non_electric_heating
305554,nimo_non_electric_heating
310298,nimo_non_electric_heating
311775,nimo_non_electric_heating
320386,nimo_non_electric_heating
341677,nimo_non_electric_heating
283761,nimo_non_electric_heating
284075,nimo_non_electric_heating
286406,nimo_elec_heat_seasonal
294676,nimo_non_electric_heating
317794,nimo_non_electric_heating
320119,nimo_non_electric_heating
321058,nimo_non_electric_heating
332553,nimo_non_electric_heating
275941,nimo_non_electric_heating
284434,nimo_non_electric_heating
286135,nimo_non_electric_heating
286763,nimo_non_electric_heating
286816,nimo_elec_heat_seasonal
288206,nimo_non_electric_heating
293254,nimo_non_electric_heating
297976,nimo_elec_heat_seasonal
298368,nimo_non_electric_heating
302369,nimo_non_electric_heating
308151,nimo_non_electric_heating
309518,nimo_non_electric_heating
312078,nimo_non_electric_heating
314133,nimo_non_electric_heating
334571,nimo_elec_heat_seasonal
295350,nimo_non_electric_heating
297973,nimo_non_electric_heating
303158,nimo_non_electric_heating
315327,nimo_non_electric_heating
317270,nimo_non_electric_heating
320806,nimo_non_electric_heating
321741,nimo_elec_heat_seasonal
326325,nimo_non_electric_heating
336515,nimo_elec_heat_seasonal
278337,nimo_elec_heat_seasonal
300267,nimo_non_electric_heating
308718,nimo_non_electric_heating
308775,nimo_non_electric_heating
319604,nimo_non_electric_heating
320337,nimo_non_electric_heating
321001,nimo_elec_heat_seasonal
321948,nimo_non_electric_heating
324563,nimo_non_electric_heating
326088,nimo_non_electric_heating
330585,nimo_non_electric_heating
332300,nimo_non_electric_heating
332541,nimo_non_electric_heating
342190,nimo_non_electric_heating
275815,nimo_elec_heat_seasonal
281321,nimo_non_electric_heating
282455,nimo_non_electric_heating
284721,nimo_non_electric_heating
285575,nimo_non_electric_heating
289792,nimo_non_electric_heating
303064,nimo_non_electric_heating
303931,nimo_non_electric_heating
324380,nimo_non_electric_heating
325812,nimo_non_electric_heating
275510,nimo_non_electric_heating
275548,nimo_non_electric_heating
276901,nimo_elec_heat_seasonal
279824,nimo_non_electric_heating
286514,nimo_elec_heat_seasonal
295602,nimo_non_electric_heating
296556,nimo_elec_heat_seasonal
298854,nimo_elec_heat_seasonal
303658,nimo_non_electric_heating
304638,nimo_non_electric_heating
304820,nimo_non_electric_heating
308880,nimo_elec_heat_seasonal
319106,nimo_non_electric_heating
324194,nimo_non_electric_heating
325226,nimo_non_electric_heating
329689,nimo_elec_heat_seasonal
340987,nimo_non_electric_heating
274127,nimo_non_electric_heating
281651,nimo_elec_heat_seasonal
282145,nimo_non_electric_heating
286911,nimo_elec_heat_seasonal
296076,nimo_non_electric_heating
297646,nimo_non_electric_heating
301677,nimo_non_electric_heating
303332,nimo_non_electric_heating
306078,nimo_non_electric_heating
307958,nimo_non_electric_heating
309120,nimo_elec_heat_seasonal
315196,nimo_non_electric_heating
321720,nimo_non_electric_heating
327392,nimo_elec_heat_seasonal
332691,nimo_non_electric_heating
333298,nimo_non_electric_heating
338544,nimo_non_electric_heating
292845,nimo_elec_heat_seasonal
299733,nimo_elec_heat_seasonal
301598,nimo_non_electric_heating
303862,nimo_non_electric_heating
312684,nimo_elec_heat_seasonal
315236,nimo_non_electric_heating
315339,nimo_non_electric_heating
319339,nimo_non_electric_heating
319362,nimo_non_electric_heating
324321,nimo_non_electric_heating
326518,nimo_non_electric_heating
326803,nimo_elec_heat_seasonal
332974,nimo_elec_heat_seasonal
336672,nimo_non_electric_heating
340734,nimo_elec_heat_seasonal
276045,nimo_non_electric_heating
276495,nimo_non_electric_heating
279918,nimo_elec_heat_seasonal
280409,nimo_non_electric_heating
288861,nimo_elec_heat_seasonal
300048,nimo_non_electric_heating
304257,nimo_elec_heat_seasonal
312841,nimo_non_electric_heating
316218,nimo_non_electric_heating
319827,nimo_non_electric_heating
321245,nimo_non_electric_heating
322034,nimo_non_electric_heating
322675,nimo_non_electric_heating
323514,nimo_non_electric_heating
323625,nimo_non_electric_heating
326576,nimo_non_electric_heating
328506,nimo_non_electric_heating
333426,nimo_non_electric_heating
280381,nimo_elec_heat_seasonal
280624,nimo_elec_heat_seasonal
293688,nimo_non_electric_heating
293859,nimo_non_electric_heating
298953,nimo_non_electric_heating
305090,nimo_non_electric_heating
314658,nimo_elec_heat_seasonal
316010,nimo_non_electric_heating
323342,nimo_non_electric_heating
326313,nimo_non_electric_heating
333612,nimo_non_electric_heating
334226,nimo_non_electric_heating
342666,nimo_non_electric_heating
275692,nimo_non_electric_heating
282940,nimo_elec_heat_seasonal
287651,nimo_non_electric_heating
293300,nimo_elec_heat_seasonal
299293,nimo_non_electric_heating
303695,nimo_non_electric_heating
304893,nimo_non_electric_heating
306133,nimo_non_electric_heating
314269,nimo_non_electric_heating
315139,nimo_non_electric_heating
318352,nimo_elec_heat_seasonal
318572,nimo_non_electric_heating
318794,nimo_non_electric_heating
330008,nimo_non_electric_heating
331458,nimo_non_electric_heating
333614,nimo_non_electric_heating
339524,nimo_non_electric_heating
295011,nimo_non_electric_heating
300123,nimo_elec_heat_seasonal
306749,nimo_non_electric_heating
313271,nimo_non_electric_heating
314085,nimo_non_electric_heating
318619,nimo_non_electric_heating
326858,nimo_non_electric_heating
328547,nimo_non_electric_heating
330574,nimo_non_electric_heating
331898,nimo_non_electric_heating
332096,nimo_non_electric_heating
334920,nimo_non_electric_heating
338701,nimo_elec_heat_seasonal
275402,nimo_elec_heat_seasonal
275488,nimo_non_electric_heating
276178,nimo_non_electric_heating
280031,nimo_non_electric_heating
287082,nimo_non_electric_heating
288231,nimo_non_electric_heating
290269,nimo_non_electric_heating
294952,nimo_non_electric_heating
297160,nimo_elec_heat_seasonal
304003,nimo_non_electric_heating
310722,nimo_non_electric_heating
311586,nimo_non_electric_heating
313975,nimo_non_electric_heating
317803,nimo_non_electric_heating
318610,nimo_non_electric_heating
320524,nimo_non_electric_heating
326293,nimo_non_electric_heating
326355,nimo_non_electric_heating
326807,nimo_non_electric_heating
329993,nimo_non_electric_heating
335001,nimo_non_electric_heating
341213,nimo_non_electric_heating
276997,nimo_elec_heat_seasonal
285290,nimo_non_electric_heating
289458,nimo_non_electric_heating
290307,nimo_non_electric_heating
290683,nimo_non_electric_heating
293145,nimo_non_electric_heating
305210,nimo_non_electric_heating
307995,nimo_non_electric_heating
311231,nimo_non_electric_heating
314947,nimo_non_electric_heating
318022,nimo_non_electric_heating
320703,nimo_non_electric_heating
322862,nimo_non_electric_heating
339174,nimo_non_electric_heating
275921,nimo_non_electric_heating
278972,nimo_non_electric_heating
280119,nimo_non_electric_heating
281990,nimo_elec_heat_seasonal
284692,nimo_non_electric_heating
285431,nimo_non_electric_heating
290872,nimo_non_electric_heating
295000,nimo_non_electric_heating
295297,nimo_non_electric_heating
308020,nimo_non_electric_heating
309094,nimo_non_electric_heating
309379,nimo_non_electric_heating
314654,nimo_elec_heat_seasonal
319620,nimo_non_electric_heating
320071,nimo_non_electric_heating
320734,nimo_non_electric_heating
320830,nimo_elec_heat_seasonal
323456,nimo_non_electric_heating
324633,nimo_non_electric_heating
327921,nimo_elec_heat_seasonal
331888,nimo_non_electric_heating
335343,nimo_non_electric_heating
336139,nimo_non_electric_heating
342616,nimo_non_electric_heating
342650,nimo_non_electric_heating
277665,nimo_non_electric_heating
278265,nimo_non_electric_heating
279309,nimo_non_electric_heating
280227,nimo_non_electric_heating
280843,nimo_non_electric_heating
281898,nimo_non_electric_heating
281929,nimo_non_electric_heating
283430,nimo_non_electric_heating
284192,nimo_non_electric_heating
294488,nimo_non_electric_heating
298488,nimo_non_electric_heating
298977,nimo_non_electric_heating
304799,nimo_elec_heat_seasonal
316579,nimo_non_electric_heating
332536,nimo_non_electric_heating
333628,nimo_non_electric_heating
337781,nimo_non_electric_heating
338124,nimo_non_electric_heating
276584,nimo_non_electric_heating
284102,nimo_non_electric_heating
287628,nimo_non_electric_heating
287645,nimo_non_electric_heating
289191,nimo_non_electric_heating
291512,nimo_elec_heat_seasonal
295423,nimo_non_electric_heating
296466,nimo_non_electric_heating
297952,nimo_non_electric_heating
326665,nimo_non_electric_heating
335038,nimo_elec_heat_seasonal
336594,nimo_non_electric_heating
338146,nimo_non_electric_heating
277918,nimo_non_electric_heating
287454,nimo_elec_heat_seasonal
299809,nimo_non_electric_heating
302160,nimo_non_electric_heating
304374,nimo_non_electric_heating
316594,nimo_elec_heat_seasonal
318104,nimo_non_electric_heating
329223,nimo_elec_heat_seasonal
329316,nimo_non_electric_heating
332210,nimo_non_electric_heating
335252,nimo_non_electric_heating
337663,nimo_non_electric_heating
337847,nimo_non_electric_heating
341700,nimo_non_electric_heating
293499,nimo_non_electric_heating
301260,nimo_non_electric_heating
311202,nimo_non_electric_heating
315240,nimo_non_electric_heating
333691,nimo_elec_heat_seasonal
340214,nimo_non_electric_heating
274997,nimo_non_electric_heating
275349,nimo_non_electric_heating
284125,nimo_non_electric_heating
285282,nimo_non_electric_heating
288915,nimo_non_electric_heating
304274,nimo_elec_heat_seasonal
307006,nimo_non_electric_heating
308143,nimo_non_electric_heating
308329,nimo_non_electric_heating
308538,nimo_non_electric_heating
316197,nimo_non_electric_heating
317201,nimo_non_electric_heating
318676,nimo_non_electric_heating
327361,nimo_non_electric_heating
328618,nimo_elec_heat_seasonal
331716,nimo_non_electric_heating
336414,nimo_non_electric_heating
276823,nimo_non_electric_heating
278828,nimo_non_electric_heating
280819,nimo_non_electric_heating
283357,nimo_non_electric_heating
292222,nimo_non_electric_heating
296723,nimo_non_electric_heating
301529,nimo_non_electric_heating
337524,nimo_non_electric_heating
340328,nimo_non_electric_heating
275651,nimo_non_electric_heating
291586,nimo_non_electric_heating
294883,nimo_elec_heat_seasonal
298264,nimo_non_electric_heating
311224,nimo_non_electric_heating
315745,nimo_non_electric_heating
321708,nimo_non_electric_heating
322056,nimo_non_electric_heating
327616,nimo_non_electric_heating
329481,nimo_non_electric_heating
331840,nimo_non_electric_heating
336822,nimo_non_electric_heating
278553,nimo_non_electric_heating
279036,nimo_non_electric_heating
282315,nimo_non_electric_heating
290950,nimo_non_electric_heating
294600,nimo_elec_heat_seasonal
303118,nimo_non_electric_heating
306430,nimo_elec_heat_seasonal
314634,nimo_elec_heat_seasonal
323995,nimo_elec_heat_seasonal
324433,nimo_non_electric_heating
330350,nimo_non_electric_heating
335220,nimo_non_electric_heating
340067,nimo_non_electric_heating
275577,nimo_non_electric_heating
284583,nimo_non_electric_heating
310810,nimo_non_electric_heating
311009,nimo_elec_heat_seasonal
324467,nimo_non_electric_heating
324760,nimo_non_electric_heating
327411,nimo_non_electric_heating
331266,nimo_non_electric_heating
336586,nimo_non_electric_heating
274273,nimo_non_electric_heating
274665,nimo_non_electric_heating
276753,nimo_non_electric_heating
281248,nimo_elec_heat_seasonal
282152,nimo_non_electric_heating
286134,nimo_elec_heat_seasonal
287315,nimo_non_electric_heating
293497,nimo_non_electric_heating
308608,nimo_non_electric_heating
334627,nimo_non_electric_heating
339485,nimo_non_electric_heating
276211,nimo_non_electric_heating
286621,nimo_non_electric_heating
294554,nimo_non_electric_heating
299323,nimo_non_electric_heating
300170,nimo_non_electric_heating
302521,nimo_non_electric_heating
315703,nimo_non_electric_heating
317353,nimo_non_electric_heating
320445,nimo_non_electric_heating
323642,nimo_non_electric_heating
323910,nimo_non_electric_heating
328145,nimo_non_electric_heating
331022,nimo_non_electric_heating
335814,nimo_non_electric_heating
340741,nimo_non_electric_heating
929,nimo_non_electric_heating
7428,nimo_non_electric_heating
19428,nimo_non_electric_heating
40701,nimo_non_electric_heating
46114,nimo_non_electric_heating
46441,nimo_non_electric_heating
51577,nimo_non_electric_heating
60775,nimo_non_electric_heating
63916,nimo_elec_heat_seasonal
66988,nimo_non_electric_heating
204,nimo_elec_heat_seasonal
7531,nimo_non_electric_heating
26913,nimo_non_electric_heating
38963,nimo_non_electric_heating
39483,nimo_elec_heat_seasonal
45325,nimo_elec_heat_seasonal
45514,nimo_non_electric_heating
47073,nimo_non_electric_heating
56464,nimo_elec_heat_seasonal
60822,nimo_non_electric_heating
67497,nimo_non_electric_heating
11618,nimo_non_electric_heating
14527,nimo_non_electric_heating
16993,nimo_non_electric_heating
24936,nimo_non_electric_heating
28304,nimo_non_electric_heating
37827,nimo_non_electric_heating
43667,nimo_non_electric_heating
48938,nimo_non_electric_heating
49198,nimo_non_electric_heating
51197,nimo_non_electric_heating
52152,nimo_non_electric_heating
59523,nimo_non_electric_heating
61811,nimo_non_electric_heating
648,nimo_non_electric_heating
16971,nimo_non_electric_heating
25313,nimo_non_electric_heating
31818,nimo_non_electric_heating
46256,nimo_non_electric_heating
46840,nimo_non_electric_heating
47913,nimo_non_electric_heating
58658,nimo_non_electric_heating
65100,nimo_non_electric_heating
410,nimo_non_electric_heating
458,nimo_non_electric_heating
672,nimo_non_electric_heating
1490,nimo_non_electric_heating
1700,nimo_non_electric_heating
4143,nimo_non_electric_heating
8005,nimo_elec_heat_seasonal
9314,nimo_non_electric_heating
18762,nimo_non_electric_heating
19333,nimo_non_electric_heating
19899,nimo_elec_heat_seasonal
21714,nimo_non_electric_heating
24129,nimo_non_electric_heating
24577,nimo_non_electric_heating
26649,nimo_non_electric_heating
28068,nimo_non_electric_heating
30857,nimo_non_electric_heating
33900,nimo_non_electric_heating
36615,nimo_non_electric_heating
39869,nimo_non_electric_heating
55853,nimo_non_electric_heating
56196,nimo_non_electric_heating
58282,nimo_non_electric_heating
67751,nimo_non_electric_heating
15232,nimo_elec_heat_seasonal
26029,nimo_non_electric_heating
31720,nimo_elec_heat_seasonal
41252,nimo_non_electric_heating
42639,nimo_non_electric_heating
45151,nimo_non_electric_heating
55662,nimo_elec_heat_seasonal
66244,nimo_elec_heat_seasonal
66438,nimo_non_electric_heating
67748,nimo_non_electric_heating
4503,nimo_non_electric_heating
9327,nimo_non_electric_heating
11965,nimo_non_electric_heating
17132,nimo_non_electric_heating
21641,nimo_non_electric_heating
28896,nimo_non_electric_heating
32396,nimo_non_electric_heating
33244,nimo_non_electric_heating
41545,nimo_non_electric_heating
42162,nimo_non_electric_heating
55345,nimo_non_electric_heating
65685,nimo_elec_heat_seasonal
7256,nimo_elec_heat_seasonal
8757,nimo_non_electric_heating
33036,nimo_non_electric_heating
43142,nimo_elec_heat_seasonal
45688,nimo_elec_heat_seasonal
47045,nimo_non_electric_heating
55750,nimo_non_electric_heating
58717,nimo_non_electric_heating
63198,nimo_non_electric_heating
1858,nimo_elec_heat_seasonal
2775,nimo_non_electric_heating
6579,nimo_non_electric_heating
11093,nimo_non_electric_heating
11905,nimo_non_electric_heating
15108,nimo_elec_heat_seasonal
27975,nimo_elec_heat_seasonal
33934,nimo_elec_heat_seasonal
43394,nimo_non_electric_heating
48892,nimo_non_electric_heating
48966,nimo_non_electric_heating
50011,nimo_non_electric_heating
58462,nimo_non_electric_heating
62564,nimo_elec_heat_seasonal
65703,nimo_non_electric_heating
6500,nimo_non_electric_heating
12520,nimo_elec_heat_seasonal
12860,nimo_non_electric_heating
16768,nimo_non_electric_heating
17545,nimo_non_electric_heating
19663,nimo_non_electric_heating
19762,nimo_non_electric_heating
24111,nimo_non_electric_heating
26038,nimo_elec_heat_seasonal
28381,nimo_non_electric_heating
31286,nimo_elec_heat_seasonal
31969,nimo_non_electric_heating
38550,nimo_non_electric_heating
40992,nimo_non_electric_heating
50320,nimo_non_electric_heating
53651,nimo_non_electric_heating
65658,nimo_non_electric_heating
65813,nimo_elec_heat_seasonal
6228,nimo_non_electric_heating
11403,nimo_non_electric_heating
11798,nimo_non_electric_heating
16885,nimo_non_electric_heating
28807,nimo_non_electric_heating
52776,nimo_elec_heat_seasonal
60538,nimo_elec_heat_seasonal
62168,nimo_elec_heat_seasonal
637,nimo_non_electric_heating
5033,nimo_elec_heat_seasonal
7157,nimo_non_electric_heating
12058,nimo_non_electric_heating
12342,nimo_non_electric_heating
19598,nimo_non_electric_heating
19924,nimo_non_electric_heating
26839,nimo_non_electric_heating
37543,nimo_elec_heat_seasonal
39345,nimo_non_electric_heating
44133,nimo_non_electric_heating
46211,nimo_non_electric_heating
47669,nimo_elec_heat_seasonal
54952,nimo_non_electric_heating
58291,nimo_non_electric_heating
58710,nimo_non_electric_heating
62892,nimo_non_electric_heating
8139,nimo_non_electric_heating
13064,nimo_non_electric_heating
16345,nimo_elec_heat_seasonal
30557,nimo_elec_heat_seasonal
32456,nimo_non_electric_heating
32825,nimo_non_electric_heating
34185,nimo_non_electric_heating
35224,nimo_non_electric_heating
36925,nimo_non_electric_heating
39006,nimo_non_electric_heating
45116,nimo_non_electric_heating
50737,nimo_non_electric_heating
51935,nimo_non_electric_heating
53988,nimo_non_electric_heating
55939,nimo_non_electric_heating
56613,nimo_non_electric_heating
56893,nimo_elec_heat_seasonal
64458,nimo_non_electric_heating
67091,nimo_non_electric_heating
3018,nimo_non_electric_heating
3976,nimo_non_electric_heating
4759,nimo_non_electric_heating
9618,nimo_non_electric_heating
10299,nimo_non_electric_heating
13486,nimo_non_electric_heating
14786,nimo_non_electric_heating
17320,nimo_elec_heat_seasonal
21880,nimo_non_electric_heating
21945,nimo_non_electric_heating
25383,nimo_non_electric_heating
26616,nimo_non_electric_heating
35230,nimo_non_electric_heating
35908,nimo_non_electric_heating
44574,nimo_elec_heat_seasonal
59479,nimo_non_electric_heating
61373,nimo_non_electric_heating
63194,nimo_non_electric_heating
65213,nimo_non_electric_heating
15583,nimo_non_electric_heating
15854,nimo_elec_heat_seasonal
19694,nimo_non_electric_heating
27755,nimo_non_electric_heating
28587,nimo_non_electric_heating
39879,nimo_non_electric_heating
43442,nimo_non_electric_heating
43920,nimo_non_electric_heating
44043,nimo_elec_heat_seasonal
44222,nimo_elec_heat_seasonal
45040,nimo_non_electric_heating
206,nimo_non_electric_heating
2672,nimo_elec_heat_seasonal
3735,nimo_elec_heat_seasonal
13222,nimo_non_electric_heating
17873,nimo_non_electric_heating
18879,nimo_non_electric_heating
28398,nimo_non_electric_heating
47270,nimo_non_electric_heating
48190,nimo_non_electric_heating
52732,nimo_elec_heat_seasonal
59647,nimo_non_electric_heating
60118,nimo_non_electric_heating
65865,nimo_non_electric_heating
4935,nimo_non_electric_heating
5401,nimo_non_electric_heating
12139,nimo_non_electric_heating
27717,nimo_non_electric_heating
29397,nimo_non_electric_heating
30323,nimo_non_electric_heating
35087,nimo_non_electric_heating
36328,nimo_non_electric_heating
39272,nimo_non_electric_heating
40804,nimo_non_electric_heating
41292,nimo_non_electric_heating
51213,nimo_elec_heat_seasonal
55855,nimo_non_electric_heating
63563,nimo_non_electric_heating
66739,nimo_non_electric_heating
2741,nimo_non_electric_heating
7742,nimo_non_electric_heating
9220,nimo_non_electric_heating
13806,nimo_non_electric_heating
14521,nimo_non_electric_heating
17754,nimo_elec_heat_seasonal
23706,nimo_non_electric_heating
24056,nimo_non_electric_heating
24906,nimo_non_electric_heating
27733,nimo_non_electric_heating
29851,nimo_non_electric_heating
34163,nimo_non_electric_heating
54896,nimo_non_electric_heating
56034,nimo_elec_heat_seasonal
56480,nimo_non_electric_heating
56871,nimo_elec_heat_seasonal
57646,nimo_non_electric_heating
58904,nimo_non_electric_heating
1830,nimo_non_electric_heating
5971,nimo_elec_heat_seasonal
9638,nimo_non_electric_heating
14661,nimo_non_electric_heating
20547,nimo_non_electric_heating
20811,nimo_non_electric_heating
30454,nimo_non_electric_heating
39566,nimo_elec_heat_seasonal
45253,nimo_non_electric_heating
55409,nimo_elec_heat_seasonal
56870,nimo_non_electric_heating
60397,nimo_non_electric_heating
10386,nimo_non_electric_heating
10847,nimo_non_electric_heating
11464,nimo_non_electric_heating
27487,nimo_non_electric_heating
27981,nimo_non_electric_heating
35300,nimo_non_electric_heating
39204,nimo_non_electric_heating
56771,nimo_non_electric_heating
59484,nimo_non_electric_heating
67338,nimo_non_electric_heating
1909,nimo_non_electric_heating
6313,nimo_elec_heat_seasonal
13528,nimo_non_electric_heating
16462,nimo_non_electric_heating
19221,nimo_non_electric_heating
23606,nimo_non_electric_heating
23649,nimo_non_electric_heating
27502,nimo_non_electric_heating
32554,nimo_non_electric_heating
38009,nimo_non_electric_heating
38970,nimo_non_electric_heating
45316,nimo_non_electric_heating
50357,nimo_non_electric_heating
56463,nimo_non_electric_heating
59081,nimo_non_electric_heating
59659,nimo_elec_heat_seasonal
62134,nimo_non_electric_heating
64333,nimo_non_electric_heating
67484,nimo_non_electric_heating
5541,nimo_non_electric_heating
5863,nimo_non_electric_heating
8569,nimo_non_electric_heating
10504,nimo_non_electric_heating
10733,nimo_non_electric_heating
13158,nimo_non_electric_heating
28142,nimo_non_electric_heating
32395,nimo_non_electric_heating
35415,nimo_non_electric_heating
43496,nimo_non_electric_heating
46865,nimo_non_electric_heating
47317,nimo_non_electric_heating
51033,nimo_non_electric_heating
52584,nimo_non_electric_heating
62359,nimo_non_electric_heating
64914,nimo_non_electric_heating
5358,nimo_non_electric_heating
7659,nimo_non_electric_heating
8246,nimo_non_electric_heating
8825,nimo_non_electric_heating
17173,nimo_elec_heat_seasonal
17984,nimo_elec_heat_seasonal
18654,nimo_non_electric_heating
24490,nimo_non_electric_heating
25626,nimo_non_electric_heating
26075,nimo_elec_heat_seasonal
35895,nimo_non_electric_heating
37235,nimo_non_electric_heating
40907,nimo_non_electric_heating
43054,nimo_non_electric_heating
47071,nimo_non_electric_heating
47679,nimo_non_electric_heating
49140,nimo_non_electric_heating
51919,nimo_non_electric_heating
62673,nimo_non_electric_heating
62774,nimo_non_electric_heating
67391,nimo_non_electric_heating
9433,nimo_non_electric_heating
18595,nimo_non_electric_heating
44260,nimo_non_electric_heating
50927,nimo_non_electric_heating
52173,nimo_non_electric_heating
59030,nimo_non_electric_heating
67089,nimo_elec_heat_seasonal
8106,nimo_elec_heat_seasonal
9584,nimo_non_electric_heating
9806,nimo_non_electric_heating
17212,nimo_non_electric_heating
19079,nimo_non_electric_heating
20386,nimo_non_electric_heating
24940,nimo_elec_heat_seasonal
31754,nimo_elec_heat_seasonal
35110,nimo_non_electric_heating
52561,nimo_elec_heat_seasonal
55744,nimo_non_electric_heating
57487,nimo_non_electric_heating
57683,nimo_non_electric_heating
58564,nimo_elec_heat_seasonal
62989,nimo_non_electric_heating
3411,nimo_non_electric_heating
11592,nimo_non_electric_heating
12383,nimo_elec_heat_seasonal
13108,nimo_elec_heat_seasonal
20091,nimo_non_electric_heating
39928,nimo_elec_heat_seasonal
41401,nimo_non_electric_heating
42110,nimo_elec_heat_seasonal
56631,nimo_elec_heat_seasonal
3192,nimo_elec_heat_seasonal
6314,nimo_non_electric_heating
8273,nimo_non_electric_heating
9152,nimo_non_electric_heating
14872,nimo_non_electric_heating
24503,nimo_non_electric_heating
26530,nimo_non_electric_heating
41111,nimo_non_electric_heating
42717,nimo_non_electric_heating
42751,nimo_non_electric_heating
47401,nimo_non_electric_heating
57249,nimo_non_electric_heating
61541,nimo_non_electric_heating
62853,nimo_non_electric_heating
62877,nimo_non_electric_heating
66972,nimo_non_electric_heating
67657,nimo_non_electric_heating
67732,nimo_non_electric_heating
1694,nimo_non_electric_heating
5395,nimo_non_electric_heating
7541,nimo_non_electric_heating
9049,nimo_non_electric_heating
18913,nimo_non_electric_heating
23815,nimo_non_electric_heating
25486,nimo_non_electric_heating
30933,nimo_non_electric_heating
39020,nimo_non_electric_heating
56803,nimo_non_electric_heating
56910,nimo_elec_heat_seasonal
60419,nimo_non_electric_heating
61241,nimo_non_electric_heating
63366,nimo_elec_heat_seasonal
67051,nimo_non_electric_heating
536,nimo_non_electric_heating
1416,nimo_non_electric_heating
6972,nimo_elec_heat_seasonal
7563,nimo_non_electric_heating
10286,nimo_non_electric_heating
13201,nimo_non_electric_heating
13416,nimo_non_electric_heating
15473,nimo_non_electric_heating
18176,nimo_non_electric_heating
22641,nimo_elec_heat_seasonal
32165,nimo_non_electric_heating
34137,nimo_non_electric_heating
36545,nimo_non_electric_heating
36730,nimo_non_electric_heating
44724,nimo_non_electric_heating
58534,nimo_non_electric_heating
58728,nimo_non_electric_heating
60129,nimo_non_electric_heating
60934,nimo_non_electric_heating
61751,nimo_non_electric_heating
62803,nimo_non_electric_heating
5021,nimo_non_electric_heating
7058,nimo_non_electric_heating
11030,nimo_non_electric_heating
11120,nimo_non_electric_heating
29058,nimo_non_electric_heating
30114,nimo_non_electric_heating
35149,nimo_non_electric_heating
37429,nimo_non_electric_heating
50996,nimo_non_electric_heating
52969,nimo_non_electric_heating
53402,nimo_non_electric_heating
53833,nimo_non_electric_heating
54429,nimo_non_electric_heating
57469,nimo_non_electric_heating
63162,nimo_non_electric_heating
63296,nimo_non_electric_heating
63347,nimo_non_electric_heating
64841,nimo_elec_heat_seasonal
65870,nimo_elec_heat_seasonal
767,nimo_elec_heat_seasonal
21577,nimo_elec_heat_seasonal
29210,nimo_elec_heat_seasonal
36357,nimo_non_electric_heating
36534,nimo_non_electric_heating
40401,nimo_non_electric_heating
41846,nimo_non_electric_heating
46644,nimo_non_electric_heating
47105,nimo_non_electric_heating
47429,nimo_non_electric_heating
49647,nimo_non_electric_heating
55767,nimo_non_electric_heating
61134,nimo_non_electric_heating
65563,nimo_non_electric_heating
1600,nimo_elec_heat_seasonal
5649,nimo_non_electric_heating
6558,nimo_non_electric_heating
11614,nimo_non_electric_heating
19756,nimo_non_electric_heating
19850,nimo_non_electric_heating
21314,nimo_non_electric_heating
25446,nimo_non_electric_heating
28020,nimo_non_electric_heating
30430,nimo_non_electric_heating
32122,nimo_non_electric_heating
41697,nimo_elec_heat_seasonal
53103,nimo_non_electric_heating
56020,nimo_non_electric_heating
56103,nimo_non_electric_heating
59190,nimo_non_electric_heating
61033,nimo_non_electric_heating
64545,nimo_non_electric_heating
9099,nimo_non_electric_heating
12848,nimo_non_electric_heating
12895,nimo_non_electric_heating
26100,nimo_non_electric_heating
38650,nimo_non_electric_heating
40095,nimo_non_electric_heating
45743,nimo_non_electric_heating
50837,nimo_non_electric_heating
52271,nimo_non_electric_heating
67461,nimo_non_electric_heating
298,nimo_non_electric_heating
15682,nimo_non_electric_heating
29754,nimo_non_electric_heating
30552,nimo_non_electric_heating
37691,nimo_non_electric_heating
45715,nimo_non_electric_heating
48486,nimo_non_electric_heating
49333,nimo_non_electric_heating
60679,nimo_non_electric_heating
63644,nimo_elec_heat_seasonal
5286,nimo_non_electric_heating
10356,nimo_non_electric_heating
13676,nimo_non_electric_heating
14041,nimo_non_electric_heating
22243,nimo_elec_heat_seasonal
26710,nimo_non_electric_heating
28962,nimo_non_electric_heating
30208,nimo_non_electric_heating
41989,nimo_non_electric_heating
51370,nimo_non_electric_heating
56299,nimo_non_electric_heating
57589,nimo_non_electric_heating
59937,nimo_elec_heat_seasonal
67200,nimo_non_electric_heating
1687,nimo_non_electric_heating
10752,nimo_non_electric_heating
11992,nimo_non_electric_heating
23004,nimo_non_electric_heating
23985,nimo_non_electric_heating
25697,nimo_elec_heat_seasonal
26614,nimo_non_electric_heating
28202,nimo_non_electric_heating
37334,nimo_non_electric_heating
40273,nimo_non_electric_heating
42660,nimo_non_electric_heating
45610,nimo_non_electric_heating
49106,nimo_non_electric_heating
53788,nimo_non_electric_heating
54101,nimo_non_electric_heating
56522,nimo_non_electric_heating
60005,nimo_non_electric_heating
60818,nimo_non_electric_heating
1875,nimo_non_electric_heating
6149,nimo_elec_heat_seasonal
10992,nimo_non_electric_heating
12170,nimo_elec_heat_seasonal
14144,nimo_non_electric_heating
16708,nimo_non_electric_heating
19335,nimo_non_electric_heating
22335,nimo_non_electric_heating
36782,nimo_non_electric_heating
37039,nimo_non_electric_heating
38326,nimo_non_electric_heating
47558,nimo_non_electric_heating
47965,nimo_non_electric_heating
58681,nimo_non_electric_heating
62568,nimo_non_electric_heating
67075,nimo_non_electric_heating
4196,nimo_non_electric_heating
9598,nimo_non_electric_heating
13573,nimo_non_electric_heating
18812,nimo_non_electric_heating
20657,nimo_non_electric_heating
24087,nimo_elec_heat_seasonal
26348,nimo_non_electric_heating
27083,nimo_elec_heat_seasonal
28021,nimo_non_electric_heating
30931,nimo_non_electric_heating
33105,nimo_non_electric_heating
44450,nimo_elec_heat_seasonal
48284,nimo_elec_heat_seasonal
56801,nimo_non_electric_heating
57284,nimo_elec_heat_seasonal
57522,nimo_non_electric_heating
61393,nimo_non_electric_heating
62065,nimo_elec_heat_seasonal
64130,nimo_elec_heat_seasonal
1876,nimo_non_electric_heating
6450,nimo_non_electric_heating
7987,nimo_non_electric_heating
18204,nimo_elec_heat_seasonal
21284,nimo_elec_heat_seasonal
23972,nimo_non_electric_heating
24580,nimo_elec_heat_seasonal
27570,nimo_non_electric_heating
30139,nimo_non_electric_heating
38449,nimo_non_electric_heating
43372,nimo_non_electric_heating
45050,nimo_non_electric_heating
48811,nimo_non_electric_heating
60409,nimo_non_electric_heating
63255,nimo_elec_heat_seasonal
67129,nimo_non_electric_heating
3741,nimo_non_electric_heating
7629,nimo_non_electric_heating
19876,nimo_non_electric_heating
53472,nimo_non_electric_heating
54529,nimo_non_electric_heating
60895,nimo_non_electric_heating
62552,nimo_non_electric_heating
62752,nimo_non_electric_heating
63831,nimo_non_electric_heating
66497,nimo_non_electric_heating
2444,nimo_non_electric_heating
12763,nimo_non_electric_heating
13877,nimo_non_electric_heating
14886,nimo_non_electric_heating
26954,nimo_non_electric_heating
33397,nimo_non_electric_heating
33635,nimo_non_electric_heating
33904,nimo_non_electric_heating
43318,nimo_non_electric_heating
45394,nimo_non_electric_heating
45690,nimo_non_electric_heating
47249,nimo_non_electric_heating
62411,nimo_non_electric_heating
252,nimo_non_electric_heating
1663,nimo_elec_heat_seasonal
8314,nimo_non_electric_heating
10309,nimo_non_electric_heating
10732,nimo_non_electric_heating
13637,nimo_non_electric_heating
18246,nimo_elec_heat_seasonal
33841,nimo_non_electric_heating
52052,nimo_non_electric_heating
56095,nimo_non_electric_heating
5537,nimo_non_electric_heating
8327,nimo_non_electric_heating
8357,nimo_non_electric_heating
16258,nimo_non_electric_heating
17274,nimo_elec_heat_seasonal
17945,nimo_elec_heat_seasonal
19789,nimo_non_electric_heating
23978,nimo_non_electric_heating
25046,nimo_elec_heat_seasonal
37589,nimo_non_electric_heating
47382,nimo_non_electric_heating
48935,nimo_non_electric_heating
50601,nimo_non_electric_heating
59028,nimo_elec_heat_seasonal
1932,nimo_non_electric_heating
5542,nimo_non_electric_heating
6616,nimo_non_electric_heating
6734,nimo_elec_heat_seasonal
13126,nimo_non_electric_heating
14421,nimo_non_electric_heating
27469,nimo_non_electric_heating
27483,nimo_non_electric_heating
32606,nimo_non_electric_heating
41798,nimo_non_electric_heating
42191,nimo_non_electric_heating
51666,nimo_elec_heat_seasonal
55801,nimo_non_electric_heating
62003,nimo_non_electric_heating
1795,nimo_non_electric_heating
3645,nimo_non_electric_heating
5354,nimo_non_electric_heating
7888,nimo_non_electric_heating
12721,nimo_non_electric_heating
17799,nimo_non_electric_heating
18449,nimo_non_electric_heating
20290,nimo_non_electric_heating
22546,nimo_non_electric_heating
22625,nimo_non_electric_heating
30831,nimo_non_electric_heating
30878,nimo_non_electric_heating
33766,nimo_elec_heat_seasonal
34292,nimo_non_electric_heating
37981,nimo_elec_heat_seasonal
42375,nimo_non_electric_heating
46251,nimo_non_electric_heating
49851,nimo_non_electric_heating
61932,nimo_non_electric_heating
1616,nimo_non_electric_heating
6561,nimo_non_electric_heating
21336,nimo_non_electric_heating
33665,nimo_non_electric_heating
38799,nimo_non_electric_heating
48231,nimo_non_electric_heating
48280,nimo_non_electric_heating
64156,nimo_non_electric_heating
67871,nimo_non_electric_heating
1419,nimo_non_electric_heating
23314,nimo_elec_heat_seasonal
28348,nimo_non_electric_heating
36423,nimo_non_electric_heating
53209,nimo_elec_heat_seasonal
53365,nimo_elec_heat_seasonal
61491,nimo_elec_heat_seasonal
63505,nimo_non_electric_heating
64327,nimo_non_electric_heating
67319,nimo_non_electric_heating
3035,nimo_non_electric_heating
10735,nimo_non_electric_heating
12103,nimo_elec_heat_seasonal
15546,nimo_non_electric_heating
17625,nimo_non_electric_heating
18518,nimo_non_electric_heating
20132,nimo_non_electric_heating
23512,nimo_non_electric_heating
23896,nimo_non_electric_heating
29698,nimo_elec_heat_seasonal
32880,nimo_non_electric_heating
33963,nimo_non_electric_heating
35465,nimo_non_electric_heating
39208,nimo_non_electric_heating
40457,nimo_non_electric_heating
42802,nimo_non_electric_heating
48132,nimo_non_electric_heating
53514,nimo_elec_heat_seasonal
64865,nimo_non_electric_heating
66499,nimo_non_electric_heating
66824,nimo_non_electric_heating
66934,nimo_non_electric_heating
8829,nimo_non_electric_heating
26995,nimo_non_electric_heating
30593,nimo_non_electric_heating
39629,nimo_non_electric_heating
41315,nimo_elec_heat_seasonal
42217,nimo_non_electric_heating
46482,nimo_non_electric_heating
50054,nimo_non_electric_heating
50965,nimo_non_electric_heating
51636,nimo_non_electric_heating
62408,nimo_non_electric_heating
63946,nimo_non_electric_heating
7732,nimo_non_electric_heating
9938,nimo_non_electric_heating
16266,nimo_non_electric_heating
29751,nimo_non_electric_heating
32541,nimo_non_electric_heating
35952,nimo_non_electric_heating
39574,nimo_non_electric_heating
41169,nimo_non_electric_heating
53235,nimo_elec_heat_seasonal
53546,nimo_non_electric_heating
57807,nimo_non_electric_heating
64414,nimo_non_electric_heating
65052,nimo_non_electric_heating
185,nimo_non_electric_heating
1316,nimo_non_electric_heating
10104,nimo_elec_heat_seasonal
10903,nimo_non_electric_heating
19514,nimo_non_electric_heating
25410,nimo_elec_heat_seasonal
25858,nimo_non_electric_heating
32256,nimo_non_electric_heating
32876,nimo_non_electric_heating
45929,nimo_non_electric_heating
46620,nimo_non_electric_heating
46846,nimo_non_electric_heating
47736,nimo_non_electric_heating
48947,nimo_non_electric_heating
49703,nimo_non_electric_heating
52483,nimo_non_electric_heating
53897,nimo_non_electric_heating
56498,nimo_non_electric_heating
2865,nimo_non_electric_heating
6772,nimo_non_electric_heating
12498,nimo_non_electric_heating
17153,nimo_non_electric_heating
17431,nimo_non_electric_heating
23052,nimo_non_electric_heating
29890,nimo_non_electric_heating
30531,nimo_non_electric_heating
30903,nimo_non_electric_heating
34418,nimo_non_electric_heating
34645,nimo_non_electric_heating
46558,nimo_non_electric_heating
48746,nimo_non_electric_heating
53737,nimo_non_electric_heating
6644,nimo_elec_heat_seasonal
16005,nimo_non_electric_heating
20047,nimo_non_electric_heating
26800,nimo_non_electric_heating
27524,nimo_elec_heat_seasonal
28377,nimo_non_electric_heating
28660,nimo_elec_heat_seasonal
28676,nimo_non_electric_heating
29993,nimo_elec_heat_seasonal
39918,nimo_non_electric_heating
47990,nimo_elec_heat_seasonal
51624,nimo_non_electric_heating
53607,nimo_non_electric_heating
56341,nimo_elec_heat_seasonal
60999,nimo_non_electric_heating
63725,nimo_non_electric_heating
66953,nimo_non_electric_heating
852,nimo_non_electric_heating
1594,nimo_elec_heat_seasonal
20660,nimo_non_electric_heating
24535,nimo_non_electric_heating
29616,nimo_elec_heat_seasonal
32307,nimo_non_electric_heating
46916,nimo_non_electric_heating
47343,nimo_non_electric_heating
48421,nimo_non_electric_heating
49026,nimo_non_electric_heating
49290,nimo_non_electric_heating
57663,nimo_non_electric_heating
66930,nimo_non_electric_heating
4358,nimo_elec_heat_seasonal
6129,nimo_non_electric_heating
12616,nimo_non_electric_heating
13174,nimo_non_electric_heating
18275,nimo_non_electric_heating
19750,nimo_non_electric_heating
21498,nimo_non_electric_heating
23396,nimo_non_electric_heating
33076,nimo_non_electric_heating
41991,nimo_elec_heat_seasonal
59444,nimo_non_electric_heating
1690,nimo_non_electric_heating
1891,nimo_non_electric_heating
12199,nimo_non_electric_heating
14035,nimo_non_electric_heating
19405,nimo_non_electric_heating
20625,nimo_elec_heat_seasonal
27556,nimo_non_electric_heating
36879,nimo_non_electric_heating
48922,nimo_non_electric_heating
53058,nimo_elec_heat_seasonal
62523,nimo_non_electric_heating
67730,nimo_elec_heat_seasonal
999,nimo_non_electric_heating
1883,nimo_non_electric_heating
8742,nimo_non_electric_heating
9004,nimo_non_electric_heating
13478,nimo_non_electric_heating
14936,nimo_elec_heat_seasonal
16540,nimo_non_electric_heating
20112,nimo_non_electric_heating
23037,nimo_non_electric_heating
30913,nimo_non_electric_heating
33459,nimo_non_electric_heating
34513,nimo_non_electric_heating
43778,nimo_non_electric_heating
51228,nimo_non_electric_heating
54703,nimo_non_electric_heating
58223,nimo_elec_heat_seasonal
59261,nimo_non_electric_heating
63682,nimo_non_electric_heating
66867,nimo_non_electric_heating
1317,nimo_non_electric_heating
4195,nimo_non_electric_heating
6802,nimo_non_electric_heating
10404,nimo_non_electric_heating
10668,nimo_non_electric_heating
16125,nimo_non_electric_heating
16155,nimo_non_electric_heating
19432,nimo_non_electric_heating
20513,nimo_non_electric_heating
21617,nimo_non_electric_heating
28558,nimo_non_electric_heating
28598,nimo_non_electric_heating
35554,nimo_non_electric_heating
52694,nimo_non_electric_heating
57795,nimo_elec_heat_seasonal
58325,nimo_non_electric_heating
59297,nimo_non_electric_heating
65412,nimo_non_electric_heating
65791,nimo_non_electric_heating
1272,nimo_non_electric_heating
3380,nimo_non_electric_heating
5516,nimo_non_electric_heating
17219,nimo_non_electric_heating
22645,nimo_non_electric_heating
35170,nimo_non_electric_heating
43301,nimo_non_electric_heating
44726,nimo_non_electric_heating
46546,nimo_elec_heat_seasonal
48568,nimo_non_electric_heating
52750,nimo_non_electric_heating
57588,nimo_non_electric_heating
57969,nimo_non_electric_heating
60832,nimo_non_electric_heating
60865,nimo_non_electric_heating
62010,nimo_non_electric_heating
3802,nimo_non_electric_heating
11379,nimo_non_electric_heating
12132,nimo_non_electric_heating
13038,nimo_non_electric_heating
17901,nimo_non_electric_heating
20101,nimo_non_electric_heating
23904,nimo_non_electric_heating
27671,nimo_non_electric_heating
29187,nimo_elec_heat_seasonal
33166,nimo_non_electric_heating
33311,nimo_non_electric_heating
33396,nimo_non_electric_heating
44975,nimo_elec_heat_seasonal
52354,nimo_non_electric_heating
54278,nimo_non_electric_heating
57793,nimo_non_electric_heating
63423,nimo_non_electric_heating
5839,nimo_non_electric_heating
12703,nimo_non_electric_heating
27659,nimo_non_electric_heating
28906,nimo_non_electric_heating
32622,nimo_non_electric_heating
33015,nimo_non_electric_heating
36218,nimo_non_electric_heating
38906,nimo_non_electric_heating
45474,nimo_non_electric_heating
52130,nimo_non_electric_heating
55168,nimo_elec_heat_seasonal
59579,nimo_non_electric_heating
66316,nimo_elec_heat_seasonal
11475,nimo_elec_heat_seasonal
22973,nimo_non_electric_heating
23412,nimo_non_electric_heating
24613,nimo_non_electric_heating
29342,nimo_non_electric_heating
33202,nimo_non_electric_heating
38229,nimo_non_electric_heating
39466,nimo_non_electric_heating
49541,nimo_non_electric_heating
62372,nimo_non_electric_heating
793,nimo_non_electric_heating
9167,nimo_non_electric_heating
14740,nimo_non_electric_heating
16372,nimo_non_electric_heating
20914,nimo_non_electric_heating
27573,nimo_non_electric_heating
31338,nimo_non_electric_heating
39300,nimo_non_electric_heating
42126,nimo_elec_heat_seasonal
45386,nimo_non_electric_heating
52090,nimo_non_electric_heating
55674,nimo_elec_heat_seasonal
62706,nimo_non_electric_heating
66133,nimo_elec_heat_seasonal
6798,nimo_elec_heat_seasonal
11339,nimo_non_electric_heating
15944,nimo_non_electric_heating
17481,nimo_non_electric_heating
18750,nimo_non_electric_heating
27168,nimo_non_electric_heating
33640,nimo_non_electric_heating
43478,nimo_non_electric_heating
52443,nimo_non_electric_heating
65896,nimo_non_electric_heating
412537,nimo_non_electric_heating
417698,nimo_non_electric_heating
429919,nimo_non_electric_heating
430322,nimo_non_electric_heating
434857,nimo_non_electric_heating
440031,nimo_elec_heat_seasonal
442727,nimo_non_electric_heating
442949,nimo_non_electric_heating
450745,nimo_non_electric_heating
455112,nimo_non_electric_heating
455134,nimo_elec_heat_seasonal
459751,nimo_non_electric_heating
413263,nimo_non_electric_heating
413804,nimo_non_electric_heating
419302,nimo_non_electric_heating
420551,nimo_non_electric_heating
422485,nimo_non_electric_heating
425508,nimo_non_electric_heating
442092,nimo_non_electric_heating
442932,nimo_non_electric_heating
450234,nimo_elec_heat_seasonal
458675,nimo_non_electric_heating
461987,nimo_non_electric_heating
466853,nimo_non_electric_heating
470974,nimo_non_electric_heating
416286,nimo_non_electric_heating
418610,nimo_non_electric_heating
424904,nimo_non_electric_heating
430723,nimo_non_electric_heating
431507,nimo_non_electric_heating
438117,nimo_non_electric_heating
443059,nimo_non_electric_heating
445123,nimo_non_electric_heating
452388,nimo_non_electric_heating
452660,nimo_non_electric_heating
462552,nimo_non_electric_heating
467663,nimo_non_electric_heating
473913,nimo_non_electric_heating
415123,nimo_non_electric_heating
422615,nimo_non_electric_heating
427352,nimo_non_electric_heating
431038,nimo_non_electric_heating
432203,nimo_non_electric_heating
434847,nimo_non_electric_heating
436066,nimo_non_electric_heating
436220,nimo_non_electric_heating
437490,nimo_non_electric_heating
443861,nimo_non_electric_heating
444632,nimo_non_electric_heating
459842,nimo_elec_heat_seasonal
466671,nimo_non_electric_heating
474036,nimo_non_electric_heating
475345,nimo_non_electric_heating
477316,nimo_non_electric_heating
477665,nimo_non_electric_heating
416281,nimo_non_electric_heating
424385,nimo_non_electric_heating
424637,nimo_non_electric_heating
427480,nimo_non_electric_heating
427571,nimo_non_electric_heating
428399,nimo_non_electric_heating
446680,nimo_non_electric_heating
457107,nimo_non_electric_heating
460480,nimo_non_electric_heating
464375,nimo_non_electric_heating
477562,nimo_non_electric_heating
419783,nimo_non_electric_heating
426380,nimo_non_electric_heating
428939,nimo_non_electric_heating
429815,nimo_non_electric_heating
430043,nimo_non_electric_heating
430389,nimo_non_electric_heating
434231,nimo_non_electric_heating
436400,nimo_non_electric_heating
441982,nimo_non_electric_heating
445139,nimo_elec_heat_seasonal
447083,nimo_non_electric_heating
448488,nimo_non_electric_heating
460323,nimo_non_electric_heating
474748,nimo_elec_heat_seasonal
479021,nimo_non_electric_heating
412098,nimo_non_electric_heating
420675,nimo_non_electric_heating
423214,nimo_non_electric_heating
433484,nimo_elec_heat_seasonal
448591,nimo_non_electric_heating
455284,nimo_non_electric_heating
463555,nimo_non_electric_heating
466960,nimo_non_electric_heating
469968,nimo_non_electric_heating
471761,nimo_non_electric_heating
472465,nimo_non_electric_heating
475658,nimo_non_electric_heating
419986,nimo_non_electric_heating
421346,nimo_non_electric_heating
421385,nimo_non_electric_heating
423563,nimo_non_electric_heating
425152,nimo_non_electric_heating
425902,nimo_non_electric_heating
425967,nimo_non_electric_heating
437997,nimo_non_electric_heating
441109,nimo_non_electric_heating
442766,nimo_non_electric_heating
445349,nimo_non_electric_heating
446326,nimo_non_electric_heating
460192,nimo_non_electric_heating
471221,nimo_non_electric_heating
475904,nimo_non_electric_heating
477694,nimo_non_electric_heating
417587,nimo_non_electric_heating
418680,nimo_non_electric_heating
421238,nimo_non_electric_heating
421258,nimo_non_electric_heating
440919,nimo_non_electric_heating
441018,nimo_elec_heat_seasonal
446090,nimo_elec_heat_seasonal
451331,nimo_non_electric_heating
452863,nimo_non_electric_heating
458644,nimo_elec_heat_seasonal
466805,nimo_non_electric_heating
467213,nimo_elec_heat_seasonal
469976,nimo_non_electric_heating
470777,nimo_non_electric_heating
474877,nimo_non_electric_heating
412042,nimo_non_electric_heating
419893,nimo_non_electric_heating
432036,nimo_non_electric_heating
433103,nimo_elec_heat_seasonal
434404,nimo_non_electric_heating
434463,nimo_non_electric_heating
437925,nimo_non_electric_heating
438171,nimo_non_electric_heating
439178,nimo_non_electric_heating
439851,nimo_non_electric_heating
441033,nimo_non_electric_heating
444885,nimo_elec_heat_seasonal
445482,nimo_non_electric_heating
446966,nimo_non_electric_heating
469835,nimo_non_electric_heating
470665,nimo_non_electric_heating
474110,nimo_non_electric_heating
474747,nimo_non_electric_heating
479192,nimo_non_electric_heating
479454,nimo_non_electric_heating
413777,nimo_non_electric_heating
419693,nimo_non_electric_heating
421571,nimo_non_electric_heating
429457,nimo_non_electric_heating
432259,nimo_non_electric_heating
434982,nimo_non_electric_heating
436209,nimo_elec_heat_seasonal
446618,nimo_non_electric_heating
451361,nimo_non_electric_heating
452493,nimo_non_electric_heating
452743,nimo_elec_heat_seasonal
457187,nimo_non_electric_heating
459501,nimo_elec_heat_seasonal
468255,nimo_non_electric_heating
478062,nimo_non_electric_heating
415722,nimo_non_electric_heating
417132,nimo_non_electric_heating
419204,nimo_non_electric_heating
423977,nimo_non_electric_heating
427516,nimo_non_electric_heating
428601,nimo_non_electric_heating
433592,nimo_non_electric_heating
435365,nimo_non_electric_heating
435850,nimo_non_electric_heating
437379,nimo_elec_heat_seasonal
438437,nimo_non_electric_heating
446791,nimo_non_electric_heating
450196,nimo_non_electric_heating
452813,nimo_non_electric_heating
466230,nimo_non_electric_heating
473621,nimo_non_electric_heating
474494,nimo_non_electric_heating
474764,nimo_non_electric_heating
414894,nimo_elec_heat_seasonal
417551,nimo_non_electric_heating
420670,nimo_non_electric_heating
425997,nimo_non_electric_heating
442325,nimo_non_electric_heating
446442,nimo_non_electric_heating
460482,nimo_non_electric_heating
468831,nimo_non_electric_heating
470713,nimo_elec_heat_seasonal
472916,nimo_non_electric_heating
475965,nimo_non_electric_heating
479199,nimo_non_electric_heating
414072,nimo_elec_heat_seasonal
414911,nimo_non_electric_heating
415572,nimo_non_electric_heating
426478,nimo_non_electric_heating
431226,nimo_non_electric_heating
442938,nimo_non_electric_heating
447644,nimo_non_electric_heating
452060,nimo_elec_heat_seasonal
453640,nimo_non_electric_heating
456111,nimo_non_electric_heating
461926,nimo_non_electric_heating
472483,nimo_non_electric_heating
421243,nimo_non_electric_heating
425439,nimo_non_electric_heating
433761,nimo_non_electric_heating
442180,nimo_non_electric_heating
454026,nimo_non_electric_heating
455032,nimo_non_electric_heating
462485,nimo_non_electric_heating
475606,nimo_non_electric_heating
479594,nimo_non_electric_heating
432326,nimo_non_electric_heating
436472,nimo_non_electric_heating
447565,nimo_non_electric_heating
448095,nimo_non_electric_heating
451427,nimo_non_electric_heating
455525,nimo_non_electric_heating
455985,nimo_elec_heat_seasonal
459825,nimo_non_electric_heating
466789,nimo_non_electric_heating
471124,nimo_non_electric_heating
414391,nimo_non_electric_heating
420471,nimo_non_electric_heating
422463,nimo_non_electric_heating
427745,nimo_non_electric_heating
429360,nimo_non_electric_heating
434242,nimo_non_electric_heating
437985,nimo_non_electric_heating
454633,nimo_non_electric_heating
465295,nimo_non_electric_heating
469279,nimo_non_electric_heating
475610,nimo_non_electric_heating
476085,nimo_non_electric_heating
479410,nimo_elec_heat_seasonal
413487,nimo_non_electric_heating
417932,nimo_non_electric_heating
418646,nimo_non_electric_heating
418863,nimo_non_electric_heating
421028,nimo_non_electric_heating
428692,nimo_non_electric_heating
429114,nimo_non_electric_heating
434510,nimo_non_electric_heating
441773,nimo_elec_heat_seasonal
443986,nimo_non_electric_heating
455066,nimo_non_electric_heating
455503,nimo_non_electric_heating
466449,nimo_non_electric_heating
472577,nimo_non_electric_heating
479222,nimo_non_electric_heating
420302,nimo_non_electric_heating
420624,nimo_non_electric_heating
421472,nimo_non_electric_heating
423950,nimo_non_electric_heating
428816,nimo_non_electric_heating
449255,nimo_elec_heat_seasonal
450685,nimo_non_electric_heating
456464,nimo_non_electric_heating
461437,nimo_non_electric_heating
474832,nimo_non_electric_heating
475264,nimo_non_electric_heating
475566,nimo_non_electric_heating
412162,nimo_non_electric_heating
425320,nimo_non_electric_heating
433154,nimo_non_electric_heating
439028,nimo_non_electric_heating
456356,nimo_non_electric_heating
458694,nimo_non_electric_heating
462096,nimo_non_electric_heating
466779,nimo_elec_heat_seasonal
469194,nimo_non_electric_heating
474439,nimo_non_electric_heating
423784,nimo_non_electric_heating
424155,nimo_non_electric_heating
432274,nimo_non_electric_heating
435969,nimo_non_electric_heating
437131,nimo_non_electric_heating
443668,nimo_elec_heat_seasonal
462442,nimo_non_electric_heating
416557,nimo_non_electric_heating
417603,nimo_elec_heat_seasonal
423988,nimo_non_electric_heating
426288,nimo_non_electric_heating
427576,nimo_non_electric_heating
429290,nimo_non_electric_heating
429450,nimo_non_electric_heating
430508,nimo_elec_heat_seasonal
431491,nimo_non_electric_heating
432509,nimo_non_electric_heating
435938,nimo_non_electric_heating
436557,nimo_non_electric_heating
437664,nimo_non_electric_heating
445529,nimo_non_electric_heating
456108,nimo_non_electric_heating
457853,nimo_non_electric_heating
460782,nimo_non_electric_heating
466281,nimo_non_electric_heating
470206,nimo_elec_heat_seasonal
420070,nimo_non_electric_heating
428354,nimo_non_electric_heating
430203,nimo_non_electric_heating
439922,nimo_non_electric_heating
457450,nimo_non_electric_heating
464182,nimo_non_electric_heating
464626,nimo_non_electric_heating
466183,nimo_elec_heat_seasonal
470896,nimo_non_electric_heating
475475,nimo_non_electric_heating
479777,nimo_non_electric_heating
414628,nimo_non_electric_heating
418530,nimo_non_electric_heating
419047,nimo_non_electric_heating
419065,nimo_non_electric_heating
432617,nimo_non_electric_heating
432947,nimo_non_electric_heating
440691,nimo_non_electric_heating
451208,nimo_non_electric_heating
456762,nimo_non_electric_heating
460950,nimo_non_electric_heating
461647,nimo_non_electric_heating
462188,nimo_non_electric_heating
465626,nimo_non_electric_heating
466219,nimo_non_electric_heating
469930,nimo_non_electric_heating
413991,nimo_non_electric_heating
428941,nimo_elec_heat_seasonal
429900,nimo_non_electric_heating
444029,nimo_non_electric_heating
449706,nimo_non_electric_heating
454479,nimo_non_electric_heating
454523,nimo_non_electric_heating
456616,nimo_non_electric_heating
456920,nimo_non_electric_heating
464010,nimo_non_electric_heating
471201,nimo_non_electric_heating
472036,nimo_non_electric_heating
475275,nimo_non_electric_heating
417161,nimo_elec_heat_seasonal
426120,nimo_non_electric_heating
429868,nimo_non_electric_heating
431585,nimo_non_electric_heating
432108,nimo_non_electric_heating
440706,nimo_non_electric_heating
462607,nimo_non_electric_heating
466359,nimo_non_electric_heating
470989,nimo_non_electric_heating
475772,nimo_non_electric_heating
477573,nimo_non_electric_heating
478669,nimo_non_electric_heating
478840,nimo_elec_heat_seasonal
413562,nimo_non_electric_heating
414625,nimo_non_electric_heating
424019,nimo_non_electric_heating
430004,nimo_non_electric_heating
435289,nimo_non_electric_heating
436577,nimo_non_electric_heating
444129,nimo_non_electric_heating
446365,nimo_non_electric_heating
452139,nimo_non_electric_heating
457198,nimo_non_electric_heating
458314,nimo_non_electric_heating
463225,nimo_non_electric_heating
469937,nimo_non_electric_heating
474860,nimo_non_electric_heating
475625,nimo_elec_heat_seasonal
478528,nimo_non_electric_heating
411883,nimo_elec_heat_seasonal
412111,nimo_non_electric_heating
418540,nimo_non_electric_heating
423542,nimo_non_electric_heating
435515,nimo_non_electric_heating
440009,nimo_non_electric_heating
446384,nimo_non_electric_heating
449753,nimo_non_electric_heating
451290,nimo_elec_heat_seasonal
458195,nimo_non_electric_heating
467164,nimo_non_electric_heating
469007,nimo_non_electric_heating
479144,nimo_non_electric_heating
416010,nimo_non_electric_heating
422177,nimo_non_electric_heating
434469,nimo_non_electric_heating
454858,nimo_non_electric_heating
455528,nimo_non_electric_heating
460275,nimo_non_electric_heating
462214,nimo_non_electric_heating
462906,nimo_non_electric_heating
468176,nimo_non_electric_heating
469569,nimo_elec_heat_seasonal
470979,nimo_non_electric_heating
474989,nimo_non_electric_heating
419476,nimo_non_electric_heating
422005,nimo_non_electric_heating
442069,nimo_non_electric_heating
447407,nimo_non_electric_heating
449050,nimo_elec_heat_seasonal
449213,nimo_non_electric_heating
452502,nimo_non_electric_heating
454106,nimo_non_electric_heating
458041,nimo_non_electric_heating
459272,nimo_non_electric_heating
463179,nimo_elec_heat_seasonal
464273,nimo_non_electric_heating
466667,nimo_non_electric_heating
472488,nimo_elec_heat_seasonal
473836,nimo_non_electric_heating
474120,nimo_non_electric_heating
475057,nimo_elec_heat_seasonal
415995,nimo_non_electric_heating
418339,nimo_non_electric_heating
425890,nimo_non_electric_heating
433483,nimo_non_electric_heating
438790,nimo_non_electric_heating
441793,nimo_non_electric_heating
444785,nimo_non_electric_heating
465367,nimo_non_electric_heating
467071,nimo_non_electric_heating
469814,nimo_non_electric_heating
470659,nimo_elec_heat_seasonal
474061,nimo_non_electric_heating
474115,nimo_non_electric_heating
476269,nimo_non_electric_heating
412235,nimo_non_electric_heating
413261,nimo_non_electric_heating
416054,nimo_non_electric_heating
432915,nimo_non_electric_heating
446572,nimo_non_electric_heating
449571,nimo_non_electric_heating
451508,nimo_non_electric_heating
451837,nimo_non_electric_heating
452628,nimo_non_electric_heating
452833,nimo_non_electric_heating
460595,nimo_non_electric_heating
463143,nimo_elec_heat_seasonal
464434,nimo_non_electric_heating
473511,nimo_non_electric_heating
418485,nimo_non_electric_heating
421247,nimo_elec_heat_seasonal
433609,nimo_elec_heat_seasonal
434002,nimo_elec_heat_seasonal
438478,nimo_elec_heat_seasonal
441912,nimo_non_electric_heating
444883,nimo_non_electric_heating
445229,nimo_non_electric_heating
449960,nimo_non_electric_heating
454361,nimo_elec_heat_seasonal
465764,nimo_non_electric_heating
465860,nimo_non_electric_heating
466959,nimo_non_electric_heating
477387,nimo_elec_heat_seasonal
478589,nimo_non_electric_heating
412828,nimo_non_electric_heating
421912,nimo_non_electric_heating
423753,nimo_non_electric_heating
424620,nimo_non_electric_heating
431977,nimo_non_electric_heating
433029,nimo_non_electric_heating
434922,nimo_elec_heat_seasonal
440824,nimo_non_electric_heating
441750,nimo_non_electric_heating
446734,nimo_non_electric_heating
450695,nimo_non_electric_heating
455837,nimo_non_electric_heating
463547,nimo_non_electric_heating
471454,nimo_non_electric_heating
472726,nimo_non_electric_heating
479579,nimo_non_electric_heating
412903,nimo_non_electric_heating
418590,nimo_non_electric_heating
419236,nimo_non_electric_heating
429673,nimo_non_electric_heating
439544,nimo_non_electric_heating
441135,nimo_elec_heat_seasonal
442969,nimo_non_electric_heating
459122,nimo_non_electric_heating
474130,nimo_non_electric_heating
475006,nimo_non_electric_heating
415135,nimo_non_electric_heating
420375,nimo_elec_heat_seasonal
420680,nimo_non_electric_heating
425883,nimo_non_electric_heating
436664,nimo_non_electric_heating
438442,nimo_non_electric_heating
439344,nimo_non_electric_heating
441650,nimo_non_electric_heating
451998,nimo_non_electric_heating
455669,nimo_non_electric_heating
460797,nimo_non_electric_heating
461091,nimo_non_electric_heating
476965,nimo_non_electric_heating
423562,nimo_non_electric_heating
433687,nimo_non_electric_heating
448574,nimo_elec_heat_seasonal
451981,nimo_non_electric_heating
454354,nimo_elec_heat_seasonal
454435,nimo_non_electric_heating
466270,nimo_non_electric_heating
473903,nimo_non_electric_heating
474138,nimo_non_electric_heating
474636,nimo_non_electric_heating
474913,nimo_non_electric_heating
477451,nimo_non_electric_heating
411940,nimo_non_electric_heating
415701,nimo_non_electric_heating
428156,nimo_non_electric_heating
436818,nimo_elec_heat_seasonal
439761,nimo_elec_heat_seasonal
444342,nimo_non_electric_heating
447909,nimo_elec_heat_seasonal
461707,nimo_elec_heat_seasonal
468396,nimo_non_electric_heating
468616,nimo_non_electric_heating
473705,nimo_elec_heat_seasonal
478481,nimo_non_electric_heating
413125,nimo_non_electric_heating
417527,nimo_non_electric_heating
421334,nimo_non_electric_heating
421871,nimo_non_electric_heating
423014,nimo_non_electric_heating
423975,nimo_non_electric_heating
424501,nimo_non_electric_heating
430361,nimo_non_electric_heating
434217,nimo_non_electric_heating
437100,nimo_non_electric_heating
437408,nimo_non_electric_heating
444308,nimo_non_electric_heating
447057,nimo_non_electric_heating
459975,nimo_non_electric_heating
460650,nimo_non_electric_heating
463412,nimo_non_electric_heating
464219,nimo_non_electric_heating
473470,nimo_non_electric_heating
475546,nimo_non_electric_heating
412543,nimo_non_electric_heating
415902,nimo_non_electric_heating
417624,nimo_non_electric_heating
419160,nimo_non_electric_heating
420523,nimo_non_electric_heating
424599,nimo_non_electric_heating
424892,nimo_non_electric_heating
425176,nimo_non_electric_heating
427293,nimo_elec_heat_seasonal
433453,nimo_non_electric_heating
434817,nimo_non_electric_heating
435993,nimo_non_electric_heating
441599,nimo_non_electric_heating
447496,nimo_non_electric_heating
457092,nimo_non_electric_heating
457240,nimo_non_electric_heating
458808,nimo_elec_heat_seasonal
468203,nimo_non_electric_heating
468531,nimo_non_electric_heating
436574,nimo_non_electric_heating
443266,nimo_non_electric_heating
444138,nimo_non_electric_heating
454217,nimo_non_electric_heating
459925,nimo_non_electric_heating
467392,nimo_elec_heat_seasonal
475290,nimo_elec_heat_seasonal
412075,nimo_non_electric_heating
415673,nimo_elec_heat_seasonal
425242,nimo_elec_heat_seasonal
425251,nimo_non_electric_heating
429030,nimo_non_electric_heating
446714,nimo_non_electric_heating
454640,nimo_elec_heat_seasonal
455560,nimo_non_electric_heating
456461,nimo_non_electric_heating
461722,nimo_non_electric_heating
474029,nimo_elec_heat_seasonal
474226,nimo_non_electric_heating
474519,nimo_non_electric_heating
422357,nimo_non_electric_heating
427866,nimo_non_electric_heating
433307,nimo_non_electric_heating
439355,nimo_elec_heat_seasonal
441171,nimo_elec_heat_seasonal
443117,nimo_non_electric_heating
450166,nimo_elec_heat_seasonal
460993,nimo_non_electric_heating
463509,nimo_non_electric_heating
466613,nimo_non_electric_heating
471219,nimo_non_electric_heating
472400,nimo_non_electric_heating
475034,nimo_non_electric_heating
475814,nimo_non_electric_heating
477242,nimo_non_electric_heating
419105,nimo_non_electric_heating
424661,nimo_non_electric_heating
427885,nimo_non_electric_heating
434923,nimo_non_electric_heating
449145,nimo_non_electric_heating
458638,nimo_non_electric_heating
472294,nimo_non_electric_heating
474508,nimo_non_electric_heating
478571,nimo_non_electric_heating
413832,nimo_non_electric_heating
416145,nimo_non_electric_heating
420500,nimo_elec_heat_seasonal
424363,nimo_non_electric_heating
426647,nimo_non_electric_heating
434319,nimo_non_electric_heating
441131,nimo_non_electric_heating
443788,nimo_elec_heat_seasonal
447647,nimo_elec_heat_seasonal
449881,nimo_non_electric_heating
460083,nimo_non_electric_heating
461547,nimo_non_electric_heating
464250,nimo_elec_heat_seasonal
470809,nimo_non_electric_heating
471563,nimo_non_electric_heating
474152,nimo_non_electric_heating
474581,nimo_non_electric_heating
477280,nimo_non_electric_heating
477454,nimo_non_electric_heating
418457,nimo_elec_heat_seasonal
429596,nimo_non_electric_heating
431905,nimo_non_electric_heating
440503,nimo_non_electric_heating
441726,nimo_non_electric_heating
450705,nimo_non_electric_heating
453189,nimo_elec_heat_seasonal
455587,nimo_non_electric_heating
458796,nimo_non_electric_heating
460162,nimo_non_electric_heating
461517,nimo_elec_heat_seasonal
461582,nimo_non_electric_heating
465012,nimo_elec_heat_seasonal
465051,nimo_non_electric_heating
466676,nimo_non_electric_heating
471394,nimo_non_electric_heating
474521,nimo_elec_heat_seasonal
477619,nimo_non_electric_heating
411904,nimo_non_electric_heating
418494,nimo_non_electric_heating
419769,nimo_elec_heat_seasonal
429711,nimo_non_electric_heating
431973,nimo_non_electric_heating
442595,nimo_non_electric_heating
448347,nimo_non_electric_heating
456439,nimo_non_electric_heating
470281,nimo_non_electric_heating
476889,nimo_non_electric_heating
479585,nimo_non_electric_heating
420321,nimo_non_electric_heating
439122,nimo_non_electric_heating
447017,nimo_non_electric_heating
459302,nimo_non_electric_heating
460365,nimo_non_electric_heating
474675,nimo_non_electric_heating
476837,nimo_non_electric_heating
478700,nimo_non_electric_heating
416308,nimo_non_electric_heating
418961,nimo_non_electric_heating
419178,nimo_non_electric_heating
421272,nimo_non_electric_heating
424238,nimo_non_electric_heating
435538,nimo_elec_heat_seasonal
448870,nimo_non_electric_heating
449195,nimo_non_electric_heating
452295,nimo_non_electric_heating
453679,nimo_non_electric_heating
454260,nimo_non_electric_heating
456474,nimo_non_electric_heating
464091,nimo_elec_heat_seasonal
472481,nimo_non_electric_heating
418265,nimo_non_electric_heating
420082,nimo_non_electric_heating
420354,nimo_non_electric_heating
420401,nimo_non_electric_heating
426971,nimo_non_electric_heating
440516,nimo_non_electric_heating
445067,nimo_elec_heat_seasonal
467380,nimo_non_electric_heating
469363,nimo_non_electric_heating
471433,nimo_elec_heat_seasonal
473858,nimo_non_electric_heating
474607,nimo_elec_heat_seasonal
474689,nimo_non_electric_heating
476961,nimo_non_electric_heating
414341,nimo_non_electric_heating
417312,nimo_non_electric_heating
420659,nimo_non_electric_heating
436398,nimo_elec_heat_seasonal
441002,nimo_non_electric_heating
444436,nimo_non_electric_heating
452718,nimo_non_electric_heating
457146,nimo_non_electric_heating
462863,nimo_non_electric_heating
463583,nimo_non_electric_heating
464811,nimo_non_electric_heating
467243,nimo_non_electric_heating
468716,nimo_non_electric_heating
469179,nimo_non_electric_heating
478618,nimo_non_electric_heating
418404,nimo_non_electric_heating
420748,nimo_non_electric_heating
421622,nimo_non_electric_heating
428341,nimo_non_electric_heating
428512,nimo_non_electric_heating
431314,nimo_non_electric_heating
447673,nimo_non_electric_heating
456638,nimo_non_electric_heating
458181,nimo_non_electric_heating
461740,nimo_non_electric_heating
467316,nimo_non_electric_heating
468353,nimo_non_electric_heating
412354,nimo_non_electric_heating
413651,nimo_non_electric_heating
416963,nimo_non_electric_heating
418032,nimo_non_electric_heating
419925,nimo_non_electric_heating
420450,nimo_non_electric_heating
422520,nimo_elec_heat_seasonal
430048,nimo_non_electric_heating
431111,nimo_elec_heat_seasonal
433915,nimo_non_electric_heating
438603,nimo_elec_heat_seasonal
455425,nimo_non_electric_heating
459049,nimo_non_electric_heating
463519,nimo_non_electric_heating
472162,nimo_non_electric_heating
472790,nimo_non_electric_heating
473618,nimo_non_electric_heating
473966,nimo_non_electric_heating
412427,nimo_elec_heat_seasonal
419424,nimo_non_electric_heating
427153,nimo_non_electric_heating
433669,nimo_elec_heat_seasonal
435012,nimo_non_electric_heating
446167,nimo_non_electric_heating
448074,nimo_non_electric_heating
452876,nimo_non_electric_heating
454528,nimo_non_electric_heating
462415,nimo_non_electric_heating
463415,nimo_non_electric_heating
463431,nimo_non_electric_heating
472416,nimo_non_electric_heating
472545,nimo_non_electric_heating
474676,nimo_non_electric_heating
474762,nimo_non_electric_heating
476491,nimo_non_electric_heating
421471,nimo_elec_heat_seasonal
428934,nimo_non_electric_heating
430123,nimo_non_electric_heating
442569,nimo_non_electric_heating
443633,nimo_non_electric_heating
444757,nimo_non_electric_heating
448486,nimo_non_electric_heating
454446,nimo_non_electric_heating
454474,nimo_non_electric_heating
461032,nimo_non_electric_heating
462276,nimo_non_electric_heating
463910,nimo_non_electric_heating
464308,nimo_non_electric_heating
464839,nimo_non_electric_heating
468461,nimo_non_electric_heating
473493,nimo_non_electric_heating
414718,nimo_non_electric_heating
415499,nimo_non_electric_heating
415669,nimo_elec_heat_seasonal
415891,nimo_non_electric_heating
418525,nimo_non_electric_heating
418815,nimo_non_electric_heating
419357,nimo_non_electric_heating
427486,nimo_non_electric_heating
435211,nimo_elec_heat_seasonal
438268,nimo_non_electric_heating
438734,nimo_non_electric_heating
445841,nimo_non_electric_heating
449403,nimo_elec_heat_seasonal
450042,nimo_non_electric_heating
451595,nimo_non_electric_heating
454807,nimo_non_electric_heating
456293,nimo_non_electric_heating
472745,nimo_elec_heat_seasonal
473610,nimo_elec_heat_seasonal
414568,nimo_non_electric_heating
419151,nimo_non_electric_heating
420956,nimo_elec_heat_seasonal
428572,nimo_non_electric_heating
429380,nimo_non_electric_heating
433023,nimo_elec_heat_seasonal
442170,nimo_non_electric_heating
444814,nimo_non_electric_heating
447340,nimo_non_electric_heating
451738,nimo_non_electric_heating
455802,nimo_non_electric_heating
469376,nimo_non_electric_heating
478737,nimo_non_electric_heating
478745,nimo_non_electric_heating
412165,nimo_non_electric_heating
415063,nimo_non_electric_heating
418513,nimo_non_electric_heating
419036,nimo_elec_heat_seasonal
422762,nimo_non_electric_heating
430658,nimo_non_electric_heating
433909,nimo_non_electric_heating
445404,nimo_elec_heat_seasonal
460901,nimo_non_electric_heating
462639,nimo_elec_heat_seasonal
467461,nimo_non_electric_heating
467851,nimo_non_electric_heating
473590,nimo_non_electric_heating
478246,nimo_non_electric_heating
417576,nimo_non_electric_heating
418275,nimo_non_electric_heating
426216,nimo_non_electric_heating
431667,nimo_elec_heat_seasonal
433241,nimo_non_electric_heating
433911,nimo_non_electric_heating
438143,nimo_elec_heat_seasonal
441647,nimo_non_electric_heating
452100,nimo_non_electric_heating
457096,nimo_non_electric_heating
459849,nimo_non_electric_heating
463202,nimo_non_electric_heating
467332,nimo_non_electric_heating
470883,nimo_non_electric_heating
473975,nimo_non_electric_heating
412121,nimo_non_electric_heating
414505,nimo_non_electric_heating
417455,nimo_non_electric_heating
420559,nimo_non_electric_heating
441587,nimo_non_electric_heating
442384,nimo_non_electric_heating
446717,nimo_elec_heat_seasonal
449017,nimo_non_electric_heating
451990,nimo_elec_heat_seasonal
469638,nimo_non_electric_heating
472264,nimo_elec_heat_seasonal
474026,nimo_non_electric_heating
479049,nimo_non_electric_heating
421319,nimo_non_electric_heating
422593,nimo_non_electric_heating
434808,nimo_non_electric_heating
445262,nimo_non_electric_heating
450186,nimo_non_electric_heating
468065,nimo_non_electric_heating
476334,nimo_non_electric_heating
479926,nimo_non_electric_heating
414749,nimo_non_electric_heating
419392,nimo_non_electric_heating
421088,nimo_non_electric_heating
421109,nimo_elec_heat_seasonal
423860,nimo_elec_heat_seasonal
429918,nimo_non_electric_heating
432500,nimo_non_electric_heating
434529,nimo_non_electric_heating
436752,nimo_non_electric_heating
455776,nimo_non_electric_heating
458470,nimo_non_electric_heating
458766,nimo_elec_heat_seasonal
464238,nimo_non_electric_heating
411844,nimo_elec_heat_seasonal
423101,nimo_non_electric_heating
425796,nimo_non_electric_heating
427630,nimo_non_electric_heating
428445,nimo_elec_heat_seasonal
434554,nimo_non_electric_heating
436332,nimo_non_electric_heating
438928,nimo_non_electric_heating
444601,nimo_non_electric_heating
447699,nimo_non_electric_heating
456725,nimo_non_electric_heating
472531,nimo_elec_heat_seasonal
472580,nimo_non_electric_heating
474936,nimo_elec_heat_seasonal
478565,nimo_non_electric_heating
415523,nimo_non_electric_heating
419466,nimo_non_electric_heating
421723,nimo_non_electric_heating
445450,nimo_non_electric_heating
451728,nimo_non_electric_heating
453162,nimo_non_electric_heating
461101,nimo_non_electric_heating
461632,nimo_non_electric_heating
461759,nimo_non_electric_heating
467094,nimo_non_electric_heating
469256,nimo_non_electric_heating
477099,nimo_non_electric_heating
477811,nimo_non_electric_heating
205647,nimo_non_electric_heating
210233,nimo_non_electric_heating
211323,nimo_non_electric_heating
215559,nimo_elec_heat_seasonal
216582,nimo_non_electric_heating
217359,nimo_elec_heat_seasonal
219938,nimo_non_electric_heating
226462,nimo_non_electric_heating
229840,nimo_non_electric_heating
238328,nimo_non_electric_heating
241677,nimo_non_electric_heating
242819,nimo_non_electric_heating
249135,nimo_elec_heat_seasonal
252591,nimo_non_electric_heating
255652,nimo_non_electric_heating
256167,nimo_elec_heat_seasonal
260319,nimo_non_electric_heating
261374,nimo_non_electric_heating
268543,nimo_non_electric_heating
269047,nimo_non_electric_heating
205484,nimo_non_electric_heating
221685,nimo_non_electric_heating
232558,nimo_non_electric_heating
244265,nimo_non_electric_heating
244427,nimo_non_electric_heating
245332,nimo_non_electric_heating
247749,nimo_elec_heat_seasonal
250656,nimo_non_electric_heating
251367,nimo_non_electric_heating
256625,nimo_elec_heat_seasonal
267357,nimo_non_electric_heating
224256,nimo_non_electric_heating
224766,nimo_elec_heat_seasonal
228329,nimo_non_electric_heating
228685,nimo_non_electric_heating
235404,nimo_elec_heat_seasonal
253923,nimo_non_electric_heating
260803,nimo_non_electric_heating
261571,nimo_non_electric_heating
265947,nimo_non_electric_heating
273476,nimo_non_electric_heating
205444,nimo_non_electric_heating
208820,nimo_non_electric_heating
217551,nimo_elec_heat_seasonal
223699,nimo_non_electric_heating
230489,nimo_non_electric_heating
231910,nimo_non_electric_heating
235033,nimo_non_electric_heating
242881,nimo_non_electric_heating
252285,nimo_elec_heat_seasonal
254991,nimo_non_electric_heating
264128,nimo_non_electric_heating
269979,nimo_elec_heat_seasonal
206131,nimo_non_electric_heating
206776,nimo_non_electric_heating
214224,nimo_non_electric_heating
222879,nimo_non_electric_heating
226417,nimo_non_electric_heating
235461,nimo_non_electric_heating
238257,nimo_non_electric_heating
244026,nimo_non_electric_heating
253115,nimo_non_electric_heating
255767,nimo_non_electric_heating
257180,nimo_non_electric_heating
259733,nimo_non_electric_heating
263421,nimo_non_electric_heating
267925,nimo_non_electric_heating
205790,nimo_non_electric_heating
206070,nimo_elec_heat_seasonal
207255,nimo_non_electric_heating
207289,nimo_elec_heat_seasonal
213646,nimo_elec_heat_seasonal
214629,nimo_non_electric_heating
217942,nimo_non_electric_heating
218279,nimo_non_electric_heating
231292,nimo_elec_heat_seasonal
233829,nimo_non_electric_heating
239801,nimo_non_electric_heating
245313,nimo_non_electric_heating
250727,nimo_non_electric_heating
253874,nimo_non_electric_heating
264975,nimo_non_electric_heating
266601,nimo_non_electric_heating
267067,nimo_non_electric_heating
268935,nimo_non_electric_heating
273308,nimo_non_electric_heating
206083,nimo_non_electric_heating
215975,nimo_non_electric_heating
232571,nimo_non_electric_heating
243224,nimo_non_electric_heating
249399,nimo_non_electric_heating
253326,nimo_non_electric_heating
255183,nimo_non_electric_heating
258957,nimo_non_electric_heating
260857,nimo_non_electric_heating
260945,nimo_non_electric_heating
273798,nimo_elec_heat_seasonal
211376,nimo_non_electric_heating
213897,nimo_non_electric_heating
218857,nimo_non_electric_heating
220337,nimo_non_electric_heating
232012,nimo_non_electric_heating
235810,nimo_elec_heat_seasonal
243918,nimo_elec_heat_seasonal
245260,nimo_elec_heat_seasonal
249082,nimo_non_electric_heating
251490,nimo_non_electric_heating
254203,nimo_non_electric_heating
256204,nimo_non_electric_heating
262245,nimo_non_electric_heating
263985,nimo_elec_heat_seasonal
270965,nimo_non_electric_heating
274437,nimo_non_electric_heating
207623,nimo_non_electric_heating
211134,nimo_non_electric_heating
211521,nimo_elec_heat_seasonal
217753,nimo_non_electric_heating
218953,nimo_non_electric_heating
224535,nimo_non_electric_heating
226021,nimo_non_electric_heating
231753,nimo_non_electric_heating
233388,nimo_non_electric_heating
241273,nimo_elec_heat_seasonal
242916,nimo_non_electric_heating
245791,nimo_non_electric_heating
251902,nimo_non_electric_heating
256019,nimo_non_electric_heating
256884,nimo_non_electric_heating
268644,nimo_non_electric_heating
270613,nimo_elec_heat_seasonal
273054,nimo_non_electric_heating
212665,nimo_non_electric_heating
214869,nimo_non_electric_heating
222532,nimo_non_electric_heating
223998,nimo_non_electric_heating
226328,nimo_non_electric_heating
231706,nimo_non_electric_heating
241684,nimo_non_electric_heating
252958,nimo_non_electric_heating
260473,nimo_non_electric_heating
263150,nimo_non_electric_heating
266896,nimo_elec_heat_seasonal
217642,nimo_non_electric_heating
225277,nimo_non_electric_heating
229192,nimo_non_electric_heating
229894,nimo_non_electric_heating
241893,nimo_non_electric_heating
247724,nimo_elec_heat_seasonal
253320,nimo_non_electric_heating
253890,nimo_elec_heat_seasonal
255781,nimo_elec_heat_seasonal
262399,nimo_non_electric_heating
208895,nimo_non_electric_heating
211110,nimo_non_electric_heating
226215,nimo_non_electric_heating
249235,nimo_non_electric_heating
252788,nimo_non_electric_heating
254008,nimo_non_electric_heating
255710,nimo_non_electric_heating
266478,nimo_non_electric_heating
272208,nimo_non_electric_heating
207155,nimo_non_electric_heating
216783,nimo_elec_heat_seasonal
234221,nimo_non_electric_heating
238100,nimo_non_electric_heating
249631,nimo_non_electric_heating
253430,nimo_non_electric_heating
262946,nimo_non_electric_heating
263681,nimo_elec_heat_seasonal
207235,nimo_non_electric_heating
209973,nimo_non_electric_heating
212399,nimo_non_electric_heating
218678,nimo_non_electric_heating
221249,nimo_elec_heat_seasonal
231550,nimo_non_electric_heating
231551,nimo_elec_heat_seasonal
236233,nimo_non_electric_heating
240098,nimo_non_electric_heating
246049,nimo_non_electric_heating
247717,nimo_non_electric_heating
248434,nimo_non_electric_heating
269203,nimo_non_electric_heating
271228,nimo_non_electric_heating
272215,nimo_elec_heat_seasonal
274029,nimo_non_electric_heating
206763,nimo_non_electric_heating
207443,nimo_non_electric_heating
208694,nimo_non_electric_heating
210766,nimo_non_electric_heating
211681,nimo_non_electric_heating
213971,nimo_non_electric_heating
214858,nimo_non_electric_heating
225054,nimo_non_electric_heating
229979,nimo_non_electric_heating
235842,nimo_non_electric_heating
236149,nimo_elec_heat_seasonal
249428,nimo_non_electric_heating
253785,nimo_non_electric_heating
255530,nimo_non_electric_heating
206077,nimo_non_electric_heating
213434,nimo_non_electric_heating
240205,nimo_non_electric_heating
244483,nimo_non_electric_heating
250233,nimo_non_electric_heating
254710,nimo_non_electric_heating
256860,nimo_non_electric_heating
258429,nimo_non_electric_heating
267030,nimo_non_electric_heating
210743,nimo_non_electric_heating
211380,nimo_non_electric_heating
218630,nimo_non_electric_heating
219592,nimo_non_electric_heating
219918,nimo_non_electric_heating
220969,nimo_non_electric_heating
231757,nimo_non_electric_heating
232586,nimo_non_electric_heating
236106,nimo_non_electric_heating
237270,nimo_non_electric_heating
240580,nimo_non_electric_heating
248204,nimo_non_electric_heating
254263,nimo_non_electric_heating
257049,nimo_non_electric_heating
263008,nimo_elec_heat_seasonal
269150,nimo_non_electric_heating
207136,nimo_non_electric_heating
218704,nimo_non_electric_heating
221420,nimo_non_electric_heating
228173,nimo_non_electric_heating
237423,nimo_elec_heat_seasonal
239837,nimo_elec_heat_seasonal
243830,nimo_non_electric_heating
251216,nimo_elec_heat_seasonal
254199,nimo_elec_heat_seasonal
212651,nimo_non_electric_heating
213677,nimo_non_electric_heating
217257,nimo_non_electric_heating
236502,nimo_non_electric_heating
237186,nimo_non_electric_heating
241479,nimo_non_electric_heating
241840,nimo_elec_heat_seasonal
251931,nimo_non_electric_heating
264258,nimo_non_electric_heating
266870,nimo_non_electric_heating
272418,nimo_non_electric_heating
209800,nimo_non_electric_heating
211106,nimo_non_electric_heating
213288,nimo_non_electric_heating
218784,nimo_non_electric_heating
242553,nimo_non_electric_heating
246131,nimo_non_electric_heating
253993,nimo_non_electric_heating
213299,nimo_non_electric_heating
222857,nimo_non_electric_heating
222980,nimo_elec_heat_seasonal
224415,nimo_non_electric_heating
225224,nimo_non_electric_heating
248632,nimo_non_electric_heating
249003,nimo_non_electric_heating
255295,nimo_non_electric_heating
260819,nimo_non_electric_heating
268000,nimo_non_electric_heating
208571,nimo_non_electric_heating
211126,nimo_non_electric_heating
222197,nimo_non_electric_heating
224344,nimo_non_electric_heating
228122,nimo_non_electric_heating
235468,nimo_non_electric_heating
238521,nimo_non_electric_heating
249368,nimo_non_electric_heating
250839,nimo_non_electric_heating
268242,nimo_elec_heat_seasonal
268598,nimo_non_electric_heating
268690,nimo_non_electric_heating
269865,nimo_non_electric_heating
211410,nimo_non_electric_heating
218984,nimo_non_electric_heating
223486,nimo_non_electric_heating
224455,nimo_non_electric_heating
229027,nimo_non_electric_heating
231302,nimo_elec_heat_seasonal
237069,nimo_non_electric_heating
247379,nimo_non_electric_heating
250617,nimo_non_electric_heating
250887,nimo_elec_heat_seasonal
252940,nimo_non_electric_heating
258392,nimo_non_electric_heating
259137,nimo_non_electric_heating
264927,nimo_non_electric_heating
266482,nimo_non_electric_heating
212198,nimo_non_electric_heating
214745,nimo_non_electric_heating
215196,nimo_non_electric_heating
235939,nimo_non_electric_heating
241819,nimo_elec_heat_seasonal
241985,nimo_non_electric_heating
246585,nimo_non_electric_heating
250163,nimo_non_electric_heating
251113,nimo_non_electric_heating
265271,nimo_non_electric_heating
266576,nimo_non_electric_heating
205741,nimo_non_electric_heating
207503,nimo_non_electric_heating
210405,nimo_non_electric_heating
220449,nimo_elec_heat_seasonal
222739,nimo_non_electric_heating
225187,nimo_elec_heat_seasonal
228321,nimo_non_electric_heating
229474,nimo_non_electric_heating
235735,nimo_non_electric_heating
236686,nimo_elec_heat_seasonal
244268,nimo_elec_heat_seasonal
248123,nimo_non_electric_heating
248450,nimo_non_electric_heating
267187,nimo_non_electric_heating
206550,nimo_non_electric_heating
215421,nimo_non_electric_heating
221573,nimo_non_electric_heating
243702,nimo_non_electric_heating
245783,nimo_non_electric_heating
248142,nimo_non_electric_heating
250060,nimo_non_electric_heating
253710,nimo_non_electric_heating
266155,nimo_non_electric_heating
208201,nimo_elec_heat_seasonal
211548,nimo_non_electric_heating
211773,nimo_non_electric_heating
227283,nimo_non_electric_heating
235988,nimo_non_electric_heating
237697,nimo_non_electric_heating
250167,nimo_elec_heat_seasonal
254575,nimo_non_electric_heating
256328,nimo_elec_heat_seasonal
257172,nimo_non_electric_heating
266210,nimo_non_electric_heating
270773,nimo_non_electric_heating
273082,nimo_non_electric_heating
273118,nimo_non_electric_heating
210145,nimo_non_electric_heating
221258,nimo_elec_heat_seasonal
223014,nimo_non_electric_heating
227791,nimo_non_electric_heating
229033,nimo_non_electric_heating
233271,nimo_non_electric_heating
234846,nimo_non_electric_heating
235564,nimo_non_electric_heating
248935,nimo_elec_heat_seasonal
259177,nimo_non_electric_heating
260019,nimo_non_electric_heating
262774,nimo_non_electric_heating
272582,nimo_elec_heat_seasonal
214509,nimo_non_electric_heating
215494,nimo_non_electric_heating
231542,nimo_non_electric_heating
231665,nimo_elec_heat_seasonal
237791,nimo_non_electric_heating
246220,nimo_non_electric_heating
250881,nimo_non_electric_heating
252009,nimo_non_electric_heating
252978,nimo_non_electric_heating
253500,nimo_non_electric_heating
256525,nimo_elec_heat_seasonal
257671,nimo_non_electric_heating
260666,nimo_elec_heat_seasonal
260926,nimo_elec_heat_seasonal
267152,nimo_non_electric_heating
269027,nimo_non_electric_heating
273827,nimo_non_electric_heating
209455,nimo_elec_heat_seasonal
209975,nimo_non_electric_heating
210369,nimo_non_electric_heating
211709,nimo_elec_heat_seasonal
211871,nimo_non_electric_heating
213038,nimo_non_electric_heating
221873,nimo_elec_heat_seasonal
223138,nimo_non_electric_heating
225659,nimo_non_electric_heating
229348,nimo_non_electric_heating
239062,nimo_non_electric_heating
242872,nimo_non_electric_heating
245113,nimo_non_electric_heating
252502,nimo_non_electric_heating
255294,nimo_non_electric_heating
265489,nimo_non_electric_heating
269525,nimo_non_electric_heating
209828,nimo_non_electric_heating
209943,nimo_non_electric_heating
228323,nimo_non_electric_heating
233219,nimo_non_electric_heating
243453,nimo_non_electric_heating
243541,nimo_elec_heat_seasonal
248582,nimo_non_electric_heating
252600,nimo_non_electric_heating
262943,nimo_non_electric_heating
206241,nimo_non_electric_heating
207132,nimo_non_electric_heating
212318,nimo_non_electric_heating
212415,nimo_non_electric_heating
215816,nimo_elec_heat_seasonal
219068,nimo_non_electric_heating
219171,nimo_non_electric_heating
232102,nimo_non_electric_heating
238702,nimo_non_electric_heating
246267,nimo_non_electric_heating
251473,nimo_non_electric_heating
265025,nimo_non_electric_heating
269529,nimo_non_electric_heating
205703,nimo_non_electric_heating
226170,nimo_non_electric_heating
226344,nimo_non_electric_heating
230183,nimo_elec_heat_seasonal
232282,nimo_non_electric_heating
233661,nimo_non_electric_heating
242743,nimo_elec_heat_seasonal
245568,nimo_non_electric_heating
247578,nimo_non_electric_heating
258084,nimo_non_electric_heating
258807,nimo_non_electric_heating
260788,nimo_non_electric_heating
261830,nimo_non_electric_heating
262416,nimo_non_electric_heating
266428,nimo_non_electric_heating
209557,nimo_elec_heat_seasonal
217212,nimo_non_electric_heating
235515,nimo_non_electric_heating
248747,nimo_non_electric_heating
249151,nimo_non_electric_heating
254221,nimo_non_electric_heating
258405,nimo_non_electric_heating
262434,nimo_non_electric_heating
206767,nimo_non_electric_heating
212700,nimo_non_electric_heating
219302,nimo_elec_heat_seasonal
220051,nimo_non_electric_heating
226449,nimo_non_electric_heating
231544,nimo_non_electric_heating
239813,nimo_non_electric_heating
240250,nimo_non_electric_heating
250175,nimo_non_electric_heating
272519,nimo_elec_heat_seasonal
207309,nimo_non_electric_heating
217589,nimo_elec_heat_seasonal
219477,nimo_non_electric_heating
220565,nimo_non_electric_heating
222498,nimo_non_electric_heating
230164,nimo_non_electric_heating
236838,nimo_non_electric_heating
240695,nimo_non_electric_heating
247998,nimo_non_electric_heating
259910,nimo_non_electric_heating
263111,nimo_non_electric_heating
266954,nimo_non_electric_heating
270769,nimo_non_electric_heating
208930,nimo_elec_heat_seasonal
215840,nimo_non_electric_heating
230725,nimo_non_electric_heating
231999,nimo_non_electric_heating
233487,nimo_non_electric_heating
238648,nimo_non_electric_heating
239951,nimo_non_electric_heating
254721,nimo_elec_heat_seasonal
254761,nimo_non_electric_heating
254898,nimo_non_electric_heating
266278,nimo_non_electric_heating
267817,nimo_non_electric_heating
269576,nimo_elec_heat_seasonal
212442,nimo_non_electric_heating
212623,nimo_non_electric_heating
214955,nimo_non_electric_heating
214983,nimo_non_electric_heating
216493,nimo_non_electric_heating
223353,nimo_elec_heat_seasonal
229736,nimo_non_electric_heating
236011,nimo_non_electric_heating
243708,nimo_non_electric_heating
247166,nimo_non_electric_heating
249393,nimo_non_electric_heating
250005,nimo_elec_heat_seasonal
251127,nimo_non_electric_heating
255291,nimo_non_electric_heating
255365,nimo_non_electric_heating
259477,nimo_non_electric_heating
262465,nimo_non_electric_heating
266055,nimo_non_electric_heating
268803,nimo_elec_heat_seasonal
208767,nimo_non_electric_heating
209123,nimo_non_electric_heating
218558,nimo_elec_heat_seasonal
218725,nimo_non_electric_heating
221963,nimo_non_electric_heating
222045,nimo_non_electric_heating
225960,nimo_non_electric_heating
236687,nimo_non_electric_heating
239049,nimo_non_electric_heating
246908,nimo_non_electric_heating
249388,nimo_non_electric_heating
250895,nimo_non_electric_heating
257740,nimo_non_electric_heating
266259,nimo_non_electric_heating
214785,nimo_non_electric_heating
219378,nimo_elec_heat_seasonal
227183,nimo_non_electric_heating
235348,nimo_non_electric_heating
236879,nimo_elec_heat_seasonal
242054,nimo_non_electric_heating
254210,nimo_non_electric_heating
255626,nimo_non_electric_heating
260822,nimo_non_electric_heating
268280,nimo_non_electric_heating
215308,nimo_non_electric_heating
216859,nimo_non_electric_heating
228552,nimo_non_electric_heating
235709,nimo_non_electric_heating
242221,nimo_non_electric_heating
246089,nimo_elec_heat_seasonal
261820,nimo_non_electric_heating
271917,nimo_non_electric_heating
208802,nimo_non_electric_heating
210801,nimo_non_electric_heating
225074,nimo_non_electric_heating
228956,nimo_non_electric_heating
230988,nimo_non_electric_heating
232832,nimo_non_electric_heating
233077,nimo_non_electric_heating
240242,nimo_non_electric_heating
244930,nimo_non_electric_heating
248313,nimo_non_electric_heating
249224,nimo_non_electric_heating
249621,nimo_non_electric_heating
251720,nimo_elec_heat_seasonal
254483,nimo_non_electric_heating
258236,nimo_non_electric_heating
265309,nimo_non_electric_heating
267745,nimo_non_electric_heating
268106,nimo_elec_heat_seasonal
270222,nimo_non_electric_heating
271101,nimo_non_electric_heating
208180,nimo_non_electric_heating
212873,nimo_non_electric_heating
216071,nimo_non_electric_heating
222696,nimo_non_electric_heating
225376,nimo_non_electric_heating
225625,nimo_non_electric_heating
228790,nimo_non_electric_heating
238483,nimo_non_electric_heating
240144,nimo_non_electric_heating
244846,nimo_non_electric_heating
246741,nimo_non_electric_heating
260190,nimo_non_electric_heating
264672,nimo_non_electric_heating
271307,nimo_non_electric_heating
207421,nimo_non_electric_heating
213620,nimo_non_electric_heating
214329,nimo_elec_heat_seasonal
224610,nimo_non_electric_heating
225368,nimo_non_electric_heating
226982,nimo_elec_heat_seasonal
230016,nimo_elec_heat_seasonal
234851,nimo_non_electric_heating
236018,nimo_non_electric_heating
243198,nimo_elec_heat_seasonal
246392,nimo_non_electric_heating
258945,nimo_non_electric_heating
264877,nimo_non_electric_heating
269265,nimo_non_electric_heating
272574,nimo_non_electric_heating
206204,nimo_non_electric_heating
210050,nimo_non_electric_heating
226695,nimo_non_electric_heating
228632,nimo_non_electric_heating
236296,nimo_elec_heat_seasonal
237793,nimo_elec_heat_seasonal
250618,nimo_non_electric_heating
256126,nimo_non_electric_heating
269212,nimo_non_electric_heating
207171,nimo_non_electric_heating
213488,nimo_non_electric_heating
213751,nimo_elec_heat_seasonal
223382,nimo_non_electric_heating
226096,nimo_elec_heat_seasonal
227595,nimo_non_electric_heating
231466,nimo_non_electric_heating
231796,nimo_non_electric_heating
240794,nimo_non_electric_heating
244134,nimo_non_electric_heating
246785,nimo_non_electric_heating
249161,nimo_non_electric_heating
249646,nimo_non_electric_heating
254434,nimo_non_electric_heating
265985,nimo_non_electric_heating
268250,nimo_non_electric_heating
270246,nimo_non_electric_heating
270847,nimo_non_electric_heating
271153,nimo_elec_heat_seasonal
212482,nimo_non_electric_heating
212540,nimo_non_electric_heating
217009,nimo_non_electric_heating
221121,nimo_non_electric_heating
227426,nimo_non_electric_heating
229108,nimo_non_electric_heating
251501,nimo_non_electric_heating
255854,nimo_elec_heat_seasonal
268669,nimo_non_electric_heating
268964,nimo_non_electric_heating
269878,nimo_non_electric_heating
273283,nimo_non_electric_heating
273448,nimo_non_electric_heating
222976,nimo_non_electric_heating
225404,nimo_non_electric_heating
226943,nimo_elec_heat_seasonal
233374,nimo_non_electric_heating
234876,nimo_non_electric_heating
249213,nimo_non_electric_heating
258536,nimo_non_electric_heating
259222,nimo_non_electric_heating
259323,nimo_non_electric_heating
260661,nimo_non_electric_heating
261889,nimo_non_electric_heating
274304,nimo_non_electric_heating
205958,nimo_elec_heat_seasonal
207050,nimo_non_electric_heating
220012,nimo_non_electric_heating
242046,nimo_non_electric_heating
242083,nimo_non_electric_heating
242900,nimo_elec_heat_seasonal
248812,nimo_non_electric_heating
254081,nimo_non_electric_heating
205563,nimo_non_electric_heating
211483,nimo_non_electric_heating
212703,nimo_elec_heat_seasonal
214082,nimo_non_electric_heating
215261,nimo_non_electric_heating
215622,nimo_non_electric_heating
223102,nimo_elec_heat_seasonal
233301,nimo_non_electric_heating
233966,nimo_elec_heat_seasonal
244991,nimo_non_electric_heating
245330,nimo_non_electric_heating
246072,nimo_non_electric_heating
247515,nimo_non_electric_heating
248317,nimo_non_electric_heating
258029,nimo_non_electric_heating
266673,nimo_non_electric_heating
270326,nimo_non_electric_heating
270953,nimo_non_electric_heating
273661,nimo_non_electric_heating
205324,nimo_non_electric_heating
207986,nimo_non_electric_heating
221965,nimo_non_electric_heating
222912,nimo_non_electric_heating
230130,nimo_non_electric_heating
234497,nimo_non_electric_heating
243851,nimo_non_electric_heating
254589,nimo_non_electric_heating
257559,nimo_elec_heat_seasonal
258103,nimo_non_electric_heating
261411,nimo_elec_heat_seasonal
261885,nimo_non_electric_heating
261964,nimo_non_electric_heating
264858,nimo_non_electric_heating
267327,nimo_elec_heat_seasonal
271923,nimo_non_electric_heating
273860,nimo_non_electric_heating
207383,nimo_non_electric_heating
209300,nimo_non_electric_heating
211852,nimo_non_electric_heating
216412,nimo_non_electric_heating
219310,nimo_non_electric_heating
222705,nimo_non_electric_heating
229414,nimo_non_electric_heating
230654,nimo_elec_heat_seasonal
237753,nimo_non_electric_heating
243037,nimo_non_electric_heating
244866,nimo_elec_heat_seasonal
246327,nimo_non_electric_heating
249225,nimo_non_electric_heating
249423,nimo_non_electric_heating
260288,nimo_non_electric_heating
263607,nimo_non_electric_heating
273261,nimo_non_electric_heating
210883,nimo_elec_heat_seasonal
211140,nimo_elec_heat_seasonal
211678,nimo_elec_heat_seasonal
218540,nimo_non_electric_heating
221486,nimo_non_electric_heating
221814,nimo_non_electric_heating
223895,nimo_non_electric_heating
225337,nimo_non_electric_heating
228413,nimo_non_electric_heating
231631,nimo_non_electric_heating
235924,nimo_non_electric_heating
237198,nimo_non_electric_heating
237616,nimo_non_electric_heating
237910,nimo_non_electric_heating
242073,nimo_non_electric_heating
244053,nimo_non_electric_heating
249459,nimo_non_electric_heating
250850,nimo_non_electric_heating
252975,nimo_elec_heat_seasonal
260173,nimo_non_electric_heating
261785,nimo_non_electric_heating
266865,nimo_non_electric_heating
212452,nimo_non_electric_heating
218168,nimo_elec_heat_seasonal
218343,nimo_non_electric_heating
230716,nimo_non_electric_heating
240556,nimo_non_electric_heating
245859,nimo_non_electric_heating
247786,nimo_non_electric_heating
257183,nimo_elec_heat_seasonal
267290,nimo_non_electric_heating
211389,nimo_non_electric_heating
216208,nimo_elec_heat_seasonal
217366,nimo_non_electric_heating
217411,nimo_non_electric_heating
218838,nimo_non_electric_heating
220279,nimo_non_electric_heating
226399,nimo_non_electric_heating
226820,nimo_non_electric_heating
231746,nimo_non_electric_heating
235083,nimo_non_electric_heating
237067,nimo_non_electric_heating
237997,nimo_non_electric_heating
238984,nimo_non_electric_heating
243385,nimo_non_electric_heating
263233,nimo_non_electric_heating
272781,nimo_non_electric_heating
212203,nimo_non_electric_heating
212906,nimo_non_electric_heating
226840,nimo_non_electric_heating
233148,nimo_non_electric_heating
233509,nimo_non_electric_heating
234443,nimo_non_electric_heating
237892,nimo_non_electric_heating
238902,nimo_non_electric_heating
261188,nimo_non_electric_heating
262419,nimo_non_electric_heating
266065,nimo_non_electric_heating
266679,nimo_non_electric_heating
271652,nimo_non_electric_heating
206697,nimo_elec_heat_seasonal
208630,nimo_elec_heat_seasonal
214268,nimo_non_electric_heating
228742,nimo_non_electric_heating
229672,nimo_non_electric_heating
235981,nimo_non_electric_heating
236510,nimo_non_electric_heating
239254,nimo_non_electric_heating
239404,nimo_elec_heat_seasonal
242447,nimo_non_electric_heating
244597,nimo_non_electric_heating
246123,nimo_non_electric_heating
247659,nimo_non_electric_heating
251511,nimo_elec_heat_seasonal
270789,nimo_non_electric_heating
206854,nimo_non_electric_heating
206927,nimo_non_electric_heating
215311,nimo_non_electric_heating
222236,nimo_elec_heat_seasonal
232199,nimo_non_electric_heating
236923,nimo_non_electric_heating
241708,nimo_non_electric_heating
243879,nimo_non_electric_heating
252084,nimo_non_electric_heating
252503,nimo_non_electric_heating
254758,nimo_non_electric_heating
254826,nimo_elec_heat_seasonal
262549,nimo_non_electric_heating
265966,nimo_non_electric_heating
268233,nimo_non_electric_heating
208148,nimo_non_electric_heating
209393,nimo_non_electric_heating
211872,nimo_non_electric_heating
226386,nimo_non_electric_heating
227068,nimo_non_electric_heating
232978,nimo_non_electric_heating
250112,nimo_elec_heat_seasonal
253246,nimo_elec_heat_seasonal
260950,nimo_non_electric_heating
262323,nimo_non_electric_heating
263367,nimo_non_electric_heating
268903,nimo_non_electric_heating
207896,nimo_non_electric_heating
212183,nimo_non_electric_heating
212196,nimo_non_electric_heating
212513,nimo_elec_heat_seasonal
226039,nimo_elec_heat_seasonal
232861,nimo_non_electric_heating
237355,nimo_non_electric_heating
249630,nimo_non_electric_heating
261868,nimo_non_electric_heating
265565,nimo_non_electric_heating
265700,nimo_non_electric_heating
266174,nimo_non_electric_heating
272255,nimo_non_electric_heating
207563,nimo_non_electric_heating
255164,nimo_non_electric_heating
268922,nimo_elec_heat_seasonal
211589,nimo_non_electric_heating
227730,nimo_non_electric_heating
229320,nimo_non_electric_heating
231074,nimo_non_electric_heating
233654,nimo_non_electric_heating
234780,nimo_non_electric_heating
239156,nimo_non_electric_heating
242320,nimo_non_electric_heating
243957,nimo_non_electric_heating
247882,nimo_non_electric_heating
255308,nimo_non_electric_heating
268585,nimo_non_electric_heating
270593,nimo_elec_heat_seasonal
270903,nimo_non_electric_heating
212089,nimo_elec_heat_seasonal
226366,nimo_non_electric_heating
232320,nimo_non_electric_heating
232666,nimo_non_electric_heating
232736,nimo_non_electric_heating
233196,nimo_non_electric_heating
243310,nimo_non_electric_heating
244691,nimo_non_electric_heating
248330,nimo_non_electric_heating
261285,nimo_non_electric_heating
261542,nimo_non_electric_heating
264456,nimo_non_electric_heating
265713,nimo_non_electric_heating
271966,nimo_non_electric_heating
272276,nimo_non_electric_heating
223225,nimo_non_electric_heating
225989,nimo_non_electric_heating
234493,nimo_non_electric_heating
234712,nimo_non_electric_heating
239032,nimo_non_electric_heating
247249,nimo_non_electric_heating
252690,nimo_non_electric_heating
253976,nimo_non_electric_heating
260628,nimo_elec_heat_seasonal
269511,nimo_non_electric_heating
272985,nimo_non_electric_heating
344810,nimo_non_electric_heating
348925,nimo_non_electric_heating
351649,nimo_non_electric_heating
352517,nimo_non_electric_heating
357834,nimo_non_electric_heating
357992,nimo_non_electric_heating
360980,nimo_non_electric_heating
361835,nimo_non_electric_heating
367158,nimo_non_electric_heating
373437,nimo_non_electric_heating
380268,nimo_elec_heat_seasonal
386045,nimo_non_electric_heating
390859,nimo_non_electric_heating
399947,nimo_non_electric_heating
400322,nimo_non_electric_heating
408608,nimo_non_electric_heating
410030,nimo_non_electric_heating
343075,nimo_non_electric_heating
350930,nimo_non_electric_heating
351399,nimo_elec_heat_seasonal
352217,nimo_non_electric_heating
368596,nimo_non_electric_heating
369353,nimo_non_electric_heating
373643,nimo_non_electric_heating
373915,nimo_non_electric_heating
376676,nimo_non_electric_heating
379044,nimo_non_electric_heating
385400,nimo_non_electric_heating
393749,nimo_non_electric_heating
405811,nimo_non_electric_heating
407506,nimo_non_electric_heating
408235,nimo_non_electric_heating
350914,nimo_non_electric_heating
352776,nimo_non_electric_heating
365473,nimo_non_electric_heating
367786,nimo_non_electric_heating
367896,nimo_elec_heat_seasonal
368398,nimo_non_electric_heating
370335,nimo_non_electric_heating
371281,nimo_non_electric_heating
372355,nimo_elec_heat_seasonal
375310,nimo_non_electric_heating
385859,nimo_non_electric_heating
393341,nimo_non_electric_heating
398643,nimo_non_electric_heating
405699,nimo_non_electric_heating
408099,nimo_non_electric_heating
345386,nimo_non_electric_heating
359101,nimo_non_electric_heating
369509,nimo_non_electric_heating
371356,nimo_non_electric_heating
375222,nimo_non_electric_heating
387450,nimo_non_electric_heating
387671,nimo_non_electric_heating
392827,nimo_elec_heat_seasonal
393604,nimo_non_electric_heating
398232,nimo_non_electric_heating
405107,nimo_non_electric_heating
406418,nimo_non_electric_heating
406677,nimo_non_electric_heating
410275,nimo_non_electric_heating
359814,nimo_non_electric_heating
369967,nimo_elec_heat_seasonal
389745,nimo_non_electric_heating
394362,nimo_non_electric_heating
397383,nimo_non_electric_heating
398831,nimo_non_electric_heating
398960,nimo_non_electric_heating
405532,nimo_non_electric_heating
346405,nimo_non_electric_heating
354257,nimo_elec_heat_seasonal
356801,nimo_non_electric_heating
360464,nimo_non_electric_heating
372595,nimo_non_electric_heating
374057,nimo_non_electric_heating
383701,nimo_non_electric_heating
387680,nimo_elec_heat_seasonal
389200,nimo_non_electric_heating
397170,nimo_non_electric_heating
397656,nimo_non_electric_heating
398905,nimo_non_electric_heating
399362,nimo_non_electric_heating
411463,nimo_non_electric_heating
344615,nimo_non_electric_heating
353729,nimo_non_electric_heating
367898,nimo_non_electric_heating
368203,nimo_non_electric_heating
369309,nimo_non_electric_heating
371441,nimo_non_electric_heating
379045,nimo_non_electric_heating
379425,nimo_elec_heat_seasonal
389717,nimo_non_electric_heating
392195,nimo_non_electric_heating
392739,nimo_non_electric_heating
408848,nimo_non_electric_heating
344727,nimo_elec_heat_seasonal
349429,nimo_non_electric_heating
368637,nimo_non_electric_heating
376583,nimo_non_electric_heating
378129,nimo_non_electric_heating
378477,nimo_non_electric_heating
380675,nimo_elec_heat_seasonal
380722,nimo_non_electric_heating
405261,nimo_non_electric_heating
408825,nimo_non_electric_heating
348745,nimo_non_electric_heating
349760,nimo_non_electric_heating
358201,nimo_non_electric_heating
359589,nimo_non_electric_heating
361132,nimo_non_electric_heating
380187,nimo_non_electric_heating
381114,nimo_non_electric_heating
388987,nimo_non_electric_heating
390508,nimo_non_electric_heating
394039,nimo_non_electric_heating
405835,nimo_non_electric_heating
409567,nimo_non_electric_heating
411086,nimo_non_electric_heating
347519,nimo_non_electric_heating
347602,nimo_non_electric_heating
351938,nimo_non_electric_heating
353370,nimo_non_electric_heating
354050,nimo_elec_heat_seasonal
354664,nimo_non_electric_heating
356442,nimo_non_electric_heating
363519,nimo_elec_heat_seasonal
367724,nimo_non_electric_heating
372970,nimo_elec_heat_seasonal
377184,nimo_non_electric_heating
386950,nimo_non_electric_heating
389073,nimo_non_electric_heating
389733,nimo_non_electric_heating
390606,nimo_non_electric_heating
404035,nimo_non_electric_heating
411696,nimo_non_electric_heating
348216,nimo_non_electric_heating
352381,nimo_non_electric_heating
352764,nimo_non_electric_heating
353966,nimo_non_electric_heating
361620,nimo_non_electric_heating
365129,nimo_elec_heat_seasonal
367093,nimo_non_electric_heating
369861,nimo_non_electric_heating
379297,nimo_non_electric_heating
381173,nimo_non_electric_heating
383262,nimo_non_electric_heating
389047,nimo_non_electric_heating
389359,nimo_elec_heat_seasonal
395516,nimo_non_electric_heating
403749,nimo_non_electric_heating
404596,nimo_non_electric_heating
353195,nimo_non_electric_heating
355789,nimo_non_electric_heating
361109,nimo_non_electric_heating
361316,nimo_non_electric_heating
369487,nimo_non_electric_heating
380573,nimo_non_electric_heating
382622,nimo_non_electric_heating
383671,nimo_non_electric_heating
391296,nimo_non_electric_heating
400994,nimo_non_electric_heating
408944,nimo_non_electric_heating
342727,nimo_elec_heat_seasonal
345905,nimo_non_electric_heating
355999,nimo_non_electric_heating
356847,nimo_non_electric_heating
361161,nimo_non_electric_heating
365910,nimo_non_electric_heating
395411,nimo_non_electric_heating
408994,nimo_non_electric_heating
352015,nimo_elec_heat_seasonal
356667,nimo_non_electric_heating
361385,nimo_non_electric_heating
373623,nimo_non_electric_heating
381269,nimo_non_electric_heating
382664,nimo_non_electric_heating
384655,nimo_non_electric_heating
385896,nimo_non_electric_heating
389064,nimo_non_electric_heating
389248,nimo_non_electric_heating
394022,nimo_non_electric_heating
402595,nimo_non_electric_heating
345464,nimo_non_electric_heating
348099,nimo_non_electric_heating
351433,nimo_non_electric_heating
353100,nimo_non_electric_heating
363714,nimo_non_electric_heating
364048,nimo_non_electric_heating
365214,nimo_non_electric_heating
365577,nimo_non_electric_heating
365857,nimo_non_electric_heating
376418,nimo_non_electric_heating
385681,nimo_non_electric_heating
392388,nimo_non_electric_heating
396806,nimo_non_electric_heating
401506,nimo_non_electric_heating
403028,nimo_non_electric_heating
404217,nimo_non_electric_heating
345254,nimo_non_electric_heating
345362,nimo_non_electric_heating
349707,nimo_non_electric_heating
360837,nimo_non_electric_heating
363599,nimo_non_electric_heating
369056,nimo_non_electric_heating
377156,nimo_non_electric_heating
384386,nimo_non_electric_heating
390212,nimo_non_electric_heating
406571,nimo_elec_heat_seasonal
408559,nimo_non_electric_heating
344893,nimo_non_electric_heating
352698,nimo_non_electric_heating
359216,nimo_non_electric_heating
359940,nimo_non_electric_heating
369214,nimo_non_electric_heating
380702,nimo_non_electric_heating
380987,nimo_non_electric_heating
388305,nimo_non_electric_heating
389599,nimo_non_electric_heating
392742,nimo_non_electric_heating
401662,nimo_non_electric_heating
410682,nimo_non_electric_heating
356363,nimo_non_electric_heating
357073,nimo_non_electric_heating
366156,nimo_non_electric_heating
367222,nimo_non_electric_heating
369820,nimo_non_electric_heating
370133,nimo_non_electric_heating
380135,nimo_non_electric_heating
380401,nimo_non_electric_heating
384370,nimo_elec_heat_seasonal
393382,nimo_non_electric_heating
401667,nimo_non_electric_heating
406714,nimo_non_electric_heating
409572,nimo_elec_heat_seasonal
344213,nimo_non_electric_heating
348002,nimo_non_electric_heating
359973,nimo_non_electric_heating
376827,nimo_non_electric_heating
387574,nimo_non_electric_heating
390675,nimo_non_electric_heating
399806,nimo_elec_heat_seasonal
403805,nimo_non_electric_heating
404744,nimo_non_electric_heating
405194,nimo_non_electric_heating
346113,nimo_non_electric_heating
351195,nimo_non_electric_heating
351963,nimo_non_electric_heating
363693,nimo_non_electric_heating
369002,nimo_non_electric_heating
386503,nimo_non_electric_heating
387524,nimo_non_electric_heating
388755,nimo_non_electric_heating
394870,nimo_non_electric_heating
395674,nimo_non_electric_heating
406139,nimo_non_electric_heating
411762,nimo_non_electric_heating
344206,nimo_non_electric_heating
350446,nimo_elec_heat_seasonal
356012,nimo_non_electric_heating
359663,nimo_elec_heat_seasonal
360726,nimo_non_electric_heating
371891,nimo_non_electric_heating
379443,nimo_non_electric_heating
391401,nimo_non_electric_heating
392016,nimo_non_electric_heating
404416,nimo_non_electric_heating
408928,nimo_non_electric_heating
410479,nimo_non_electric_heating
347385,nimo_non_electric_heating
353034,nimo_non_electric_heating
353672,nimo_non_electric_heating
356817,nimo_elec_heat_seasonal
361436,nimo_non_electric_heating
364270,nimo_non_electric_heating
366141,nimo_non_electric_heating
369644,nimo_elec_heat_seasonal
371485,nimo_non_electric_heating
374922,nimo_non_electric_heating
375836,nimo_non_electric_heating
377572,nimo_non_electric_heating
384456,nimo_non_electric_heating
386691,nimo_non_electric_heating
392050,nimo_non_electric_heating
392124,nimo_non_electric_heating
409018,nimo_non_electric_heating
346778,nimo_elec_heat_seasonal
347267,nimo_non_electric_heating
350984,nimo_non_electric_heating
355884,nimo_non_electric_heating
360625,nimo_non_electric_heating
363554,nimo_non_electric_heating
365870,nimo_non_electric_heating
367815,nimo_non_electric_heating
370628,nimo_non_electric_heating
377891,nimo_non_electric_heating
379076,nimo_non_electric_heating
390079,nimo_non_electric_heating
395415,nimo_non_electric_heating
405365,nimo_elec_heat_seasonal
409391,nimo_non_electric_heating
411275,nimo_non_electric_heating
345201,nimo_non_electric_heating
354000,nimo_elec_heat_seasonal
361153,nimo_non_electric_heating
377028,nimo_non_electric_heating
381735,nimo_non_electric_heating
391976,nimo_non_electric_heating
394641,nimo_elec_heat_seasonal
405152,nimo_non_electric_heating
406266,nimo_non_electric_heating
347237,nimo_non_electric_heating
348028,nimo_non_electric_heating
356049,nimo_non_electric_heating
370422,nimo_non_electric_heating
371676,nimo_non_electric_heating
374410,nimo_elec_heat_seasonal
375081,nimo_non_electric_heating
378173,nimo_non_electric_heating
382078,nimo_non_electric_heating
382282,nimo_elec_heat_seasonal
385826,nimo_non_electric_heating
385927,nimo_non_electric_heating
391034,nimo_non_electric_heating
391778,nimo_non_electric_heating
391865,nimo_elec_heat_seasonal
399496,nimo_non_electric_heating
401551,nimo_non_electric_heating
411233,nimo_non_electric_heating
411241,nimo_non_electric_heating
343655,nimo_non_electric_heating
346614,nimo_non_electric_heating
351016,nimo_non_electric_heating
356273,nimo_non_electric_heating
363511,nimo_non_electric_heating
363564,nimo_non_electric_heating
365053,nimo_non_electric_heating
368929,nimo_non_electric_heating
371613,nimo_non_electric_heating
376541,nimo_elec_heat_seasonal
378136,nimo_non_electric_heating
387753,nimo_non_electric_heating
397301,nimo_non_electric_heating
344125,nimo_elec_heat_seasonal
353582,nimo_non_electric_heating
354281,nimo_non_electric_heating
354926,nimo_non_electric_heating
364860,nimo_non_electric_heating
366930,nimo_non_electric_heating
368505,nimo_elec_heat_seasonal
372771,nimo_non_electric_heating
374395,nimo_non_electric_heating
377195,nimo_non_electric_heating
377416,nimo_non_electric_heating
395190,nimo_non_electric_heating
396472,nimo_non_electric_heating
399713,nimo_non_electric_heating
402859,nimo_non_electric_heating
403219,nimo_elec_heat_seasonal
406119,nimo_non_electric_heating
410231,nimo_non_electric_heating
347577,nimo_non_electric_heating
350357,nimo_non_electric_heating
355372,nimo_non_electric_heating
366667,nimo_non_electric_heating
374003,nimo_elec_heat_seasonal
378163,nimo_non_electric_heating
379254,nimo_non_electric_heating
379689,nimo_non_electric_heating
400019,nimo_non_electric_heating
401855,nimo_elec_heat_seasonal
406539,nimo_non_electric_heating
343337,nimo_non_electric_heating
351362,nimo_non_electric_heating
354391,nimo_non_electric_heating
364759,nimo_non_electric_heating
369446,nimo_non_electric_heating
374357,nimo_non_electric_heating
374788,nimo_non_electric_heating
374803,nimo_non_electric_heating
376982,nimo_elec_heat_seasonal
380504,nimo_elec_heat_seasonal
393255,nimo_non_electric_heating
400986,nimo_elec_heat_seasonal
405444,nimo_non_electric_heating
405580,nimo_non_electric_heating
411002,nimo_non_electric_heating
349626,nimo_non_electric_heating
350996,nimo_non_electric_heating
365994,nimo_elec_heat_seasonal
368080,nimo_non_electric_heating
389508,nimo_non_electric_heating
392411,nimo_elec_heat_seasonal
395297,nimo_elec_heat_seasonal
406583,nimo_non_electric_heating
406905,nimo_non_electric_heating
348659,nimo_non_electric_heating
349514,nimo_non_electric_heating
350125,nimo_elec_heat_seasonal
360646,nimo_non_electric_heating
361066,nimo_elec_heat_seasonal
362328,nimo_non_electric_heating
366598,nimo_non_electric_heating
369347,nimo_non_electric_heating
382373,nimo_non_electric_heating
383395,nimo_non_electric_heating
385617,nimo_elec_heat_seasonal
390091,nimo_non_electric_heating
393989,nimo_non_electric_heating
399915,nimo_non_electric_heating
406210,nimo_non_electric_heating
407994,nimo_non_electric_heating
409705,nimo_non_electric_heating
343342,nimo_non_electric_heating
344976,nimo_non_electric_heating
345070,nimo_elec_heat_seasonal
378803,nimo_non_electric_heating
380416,nimo_non_electric_heating
391760,nimo_non_electric_heating
404200,nimo_non_electric_heating
411471,nimo_non_electric_heating
345283,nimo_non_electric_heating
347176,nimo_non_electric_heating
358691,nimo_elec_heat_seasonal
364805,nimo_non_electric_heating
366108,nimo_non_electric_heating
384903,nimo_non_electric_heating
386713,nimo_non_electric_heating
391174,nimo_non_electric_heating
391954,nimo_non_electric_heating
392814,nimo_non_electric_heating
403890,nimo_non_electric_heating
407448,nimo_elec_heat_seasonal
351525,nimo_non_electric_heating
354788,nimo_non_electric_heating
356101,nimo_non_electric_heating
356392,nimo_non_electric_heating
365300,nimo_non_electric_heating
380377,nimo_non_electric_heating
398636,nimo_non_electric_heating
409413,nimo_non_electric_heating
410652,nimo_non_electric_heating
347974,nimo_non_electric_heating
357917,nimo_non_electric_heating
360217,nimo_non_electric_heating
365033,nimo_non_electric_heating
367859,nimo_non_electric_heating
373515,nimo_non_electric_heating
376481,nimo_non_electric_heating
381980,nimo_non_electric_heating
385779,nimo_non_electric_heating
395738,nimo_non_electric_heating
396295,nimo_non_electric_heating
399955,nimo_non_electric_heating
402672,nimo_elec_heat_seasonal
343710,nimo_non_electric_heating
345699,nimo_non_electric_heating
350597,nimo_non_electric_heating
351076,nimo_non_electric_heating
352697,nimo_elec_heat_seasonal
369211,nimo_non_electric_heating
370052,nimo_non_electric_heating
379918,nimo_non_electric_heating
383902,nimo_non_electric_heating
384415,nimo_non_electric_heating
400981,nimo_non_electric_heating
402165,nimo_non_electric_heating
408275,nimo_non_electric_heating
345413,nimo_non_electric_heating
349483,nimo_non_electric_heating
351851,nimo_non_electric_heating
352170,nimo_non_electric_heating
355788,nimo_non_electric_heating
356919,nimo_elec_heat_seasonal
359100,nimo_non_electric_heating
362161,nimo_elec_heat_seasonal
363166,nimo_non_electric_heating
364973,nimo_elec_heat_seasonal
365648,nimo_non_electric_heating
365771,nimo_non_electric_heating
365897,nimo_non_electric_heating
368978,nimo_non_electric_heating
369221,nimo_elec_heat_seasonal
369503,nimo_non_electric_heating
375124,nimo_non_electric_heating
385585,nimo_non_electric_heating
385847,nimo_non_electric_heating
387389,nimo_non_electric_heating
390501,nimo_non_electric_heating
390593,nimo_elec_heat_seasonal
392055,nimo_non_electric_heating
397599,nimo_non_electric_heating
398050,nimo_non_electric_heating
407920,nimo_elec_heat_seasonal
408497,nimo_elec_heat_seasonal
343991,nimo_non_electric_heating
344060,nimo_non_electric_heating
358261,nimo_non_electric_heating
366305,nimo_non_electric_heating
368703,nimo_non_electric_heating
387731,nimo_elec_heat_seasonal
392651,nimo_non_electric_heating
394677,nimo_non_electric_heating
395148,nimo_non_electric_heating
410235,nimo_non_electric_heating
346412,nimo_non_electric_heating
379156,nimo_non_electric_heating
384339,nimo_non_electric_heating
393663,nimo_non_electric_heating
394262,nimo_elec_heat_seasonal
401602,nimo_non_electric_heating
401885,nimo_elec_heat_seasonal
403992,nimo_non_electric_heating
404072,nimo_non_electric_heating
350202,nimo_non_electric_heating
354804,nimo_non_electric_heating
359014,nimo_non_electric_heating
361920,nimo_non_electric_heating
362279,nimo_elec_heat_seasonal
368109,nimo_non_electric_heating
375546,nimo_non_electric_heating
376862,nimo_non_electric_heating
388357,nimo_elec_heat_seasonal
389891,nimo_non_electric_heating
392024,nimo_elec_heat_seasonal
395578,nimo_non_electric_heating
404303,nimo_non_electric_heating
410917,nimo_non_electric_heating
346330,nimo_non_electric_heating
347989,nimo_non_electric_heating
352296,nimo_non_electric_heating
357424,nimo_non_electric_heating
360591,nimo_non_electric_heating
362205,nimo_non_electric_heating
365169,nimo_non_electric_heating
365581,nimo_non_electric_heating
379744,nimo_non_electric_heating
386635,nimo_elec_heat_seasonal
388416,nimo_non_electric_heating
388867,nimo_non_electric_heating
389027,nimo_non_electric_heating
389228,nimo_non_electric_heating
393892,nimo_non_electric_heating
400495,nimo_non_electric_heating
402495,nimo_non_electric_heating
406787,nimo_non_electric_heating
408074,nimo_non_electric_heating
347541,nimo_non_electric_heating
353749,nimo_non_electric_heating
356939,nimo_non_electric_heating
357980,nimo_non_electric_heating
364613,nimo_elec_heat_seasonal
370464,nimo_non_electric_heating
373580,nimo_non_electric_heating
381357,nimo_non_electric_heating
389458,nimo_non_electric_heating
390954,nimo_non_electric_heating
397098,nimo_non_electric_heating
399202,nimo_non_electric_heating
400010,nimo_non_electric_heating
400201,nimo_non_electric_heating
403069,nimo_elec_heat_seasonal
407424,nimo_non_electric_heating
348815,nimo_non_electric_heating
350463,nimo_non_electric_heating
352240,nimo_non_electric_heating
363877,nimo_non_electric_heating
371633,nimo_non_electric_heating
372335,nimo_non_electric_heating
376574,nimo_non_electric_heating
382898,nimo_non_electric_heating
383990,nimo_non_electric_heating
390313,nimo_non_electric_heating
396090,nimo_elec_heat_seasonal
397490,nimo_non_electric_heating
343550,nimo_non_electric_heating
347730,nimo_non_electric_heating
350160,nimo_non_electric_heating
357422,nimo_non_electric_heating
357754,nimo_non_electric_heating
373932,nimo_non_electric_heating
376701,nimo_non_electric_heating
383530,nimo_elec_heat_seasonal
389274,nimo_non_electric_heating
391184,nimo_non_electric_heating
395010,nimo_non_electric_heating
396797,nimo_non_electric_heating
401246,nimo_non_electric_heating
401978,nimo_non_electric_heating
403863,nimo_non_electric_heating
406148,nimo_non_electric_heating
344796,nimo_non_electric_heating
346956,nimo_non_electric_heating
353745,nimo_non_electric_heating
357280,nimo_non_electric_heating
357432,nimo_elec_heat_seasonal
372314,nimo_non_electric_heating
374043,nimo_non_electric_heating
376888,nimo_non_electric_heating
377291,nimo_elec_heat_seasonal
388520,nimo_non_electric_heating
395614,nimo_non_electric_heating
396503,nimo_non_electric_heating
406386,nimo_non_electric_heating
344212,nimo_non_electric_heating
346109,nimo_non_electric_heating
349877,nimo_non_electric_heating
350215,nimo_non_electric_heating
364996,nimo_non_electric_heating
370901,nimo_non_electric_heating
372779,nimo_non_electric_heating
382558,nimo_non_electric_heating
383615,nimo_non_electric_heating
384059,nimo_non_electric_heating
385922,nimo_non_electric_heating
395138,nimo_non_electric_heating
411194,nimo_non_electric_heating
344313,nimo_non_electric_heating
345010,nimo_non_electric_heating
346370,nimo_non_electric_heating
355764,nimo_elec_heat_seasonal
364534,nimo_non_electric_heating
365817,nimo_non_electric_heating
378782,nimo_non_electric_heating
381564,nimo_elec_heat_seasonal
389857,nimo_elec_heat_seasonal
390810,nimo_non_electric_heating
392303,nimo_elec_heat_seasonal
396350,nimo_non_electric_heating
403532,nimo_non_electric_heating
403989,nimo_non_electric_heating
406775,nimo_non_electric_heating
407189,nimo_non_electric_heating
408476,nimo_elec_heat_seasonal
351385,nimo_non_electric_heating
351833,nimo_non_electric_heating
352437,nimo_non_electric_heating
355353,nimo_non_electric_heating
356890,nimo_non_electric_heating
361135,nimo_non_electric_heating
361524,nimo_non_electric_heating
365788,nimo_elec_heat_seasonal
367865,nimo_non_electric_heating
380603,nimo_non_electric_heating
388864,nimo_non_electric_heating
389526,nimo_non_electric_heating
391264,nimo_non_electric_heating
392530,nimo_non_electric_heating
395023,nimo_non_electric_heating
411099,nimo_non_electric_heating
205401,nimo_non_electric_heating
346468,nimo_non_electric_heating
353842,nimo_non_electric_heating
355763,nimo_non_electric_heating
356086,nimo_non_electric_heating
383317,nimo_non_electric_heating
384382,nimo_non_electric_heating
384418,nimo_non_electric_heating
391653,nimo_non_electric_heating
411107,nimo_non_electric_heating
411608,nimo_non_electric_heating
347603,nimo_non_electric_heating
354390,nimo_non_electric_heating
356651,nimo_non_electric_heating
360816,nimo_elec_heat_seasonal
368533,nimo_non_electric_heating
373447,nimo_non_electric_heating
375902,nimo_non_electric_heating
378778,nimo_non_electric_heating
386785,nimo_non_electric_heating
394903,nimo_non_electric_heating
395759,nimo_non_electric_heating
403091,nimo_non_electric_heating
344099,nimo_elec_heat_seasonal
344134,nimo_non_electric_heating
356016,nimo_non_electric_heating
357635,nimo_non_electric_heating
364925,nimo_non_electric_heating
370625,nimo_non_electric_heating
375425,nimo_elec_heat_seasonal
377027,nimo_non_electric_heating
377351,nimo_non_electric_heating
393914,nimo_non_electric_heating
397219,nimo_non_electric_heating
402375,nimo_non_electric_heating
404432,nimo_non_electric_heating
409346,nimo_non_electric_heating
354666,nimo_non_electric_heating
357767,nimo_non_electric_heating
358319,nimo_non_electric_heating
359308,nimo_non_electric_heating
362444,nimo_non_electric_heating
362676,nimo_non_electric_heating
364667,nimo_non_electric_heating
374385,nimo_non_electric_heating
386551,nimo_non_electric_heating
389540,nimo_non_electric_heating
395409,nimo_elec_heat_seasonal
344702,nimo_non_electric_heating
351894,nimo_elec_heat_seasonal
367591,nimo_non_electric_heating
380434,nimo_non_electric_heating
384478,nimo_non_electric_heating
385684,nimo_non_electric_heating
388199,nimo_non_electric_heating
390133,nimo_non_electric_heating
391529,nimo_non_electric_heating
394396,nimo_non_electric_heating
395293,nimo_non_electric_heating
397712,nimo_non_electric_heating
397810,nimo_non_electric_heating
400456,nimo_non_electric_heating
343700,nimo_non_electric_heating
344723,nimo_non_electric_heating
364739,nimo_non_electric_heating
368697,nimo_non_electric_heating
386851,nimo_non_electric_heating
387936,nimo_non_electric_heating
389617,nimo_non_electric_heating
391855,nimo_non_electric_heating
397715,nimo_elec_heat_seasonal
404795,nimo_non_electric_heating
408322,nimo_non_electric_heating
411506,nimo_non_electric_heating
347064,nimo_non_electric_heating
347066,nimo_non_electric_heating
349852,nimo_non_electric_heating
350933,nimo_non_electric_heating
350952,nimo_elec_heat_seasonal
352219,nimo_non_electric_heating
355385,nimo_non_electric_heating
356087,nimo_non_electric_heating
359056,nimo_non_electric_heating
378727,nimo_non_electric_heating
380499,nimo_non_electric_heating
384868,nimo_non_electric_heating
385087,nimo_non_electric_heating
396122,nimo_non_electric_heating
396144,nimo_non_electric_heating
399208,nimo_non_electric_heating
411505,nimo_non_electric_heating
343448,nimo_non_electric_heating
343743,nimo_non_electric_heating
349433,nimo_non_electric_heating
355953,nimo_non_electric_heating
356378,nimo_elec_heat_seasonal
374506,nimo_non_electric_heating
377836,nimo_non_electric_heating
379370,nimo_elec_heat_seasonal
401303,nimo_non_electric_heating
403731,nimo_non_electric_heating
346990,nimo_elec_heat_seasonal
348199,nimo_non_electric_heating
356077,nimo_non_electric_heating
374850,nimo_elec_heat_seasonal
377608,nimo_non_electric_heating
391118,nimo_non_electric_heating
396097,nimo_non_electric_heating
401796,nimo_non_electric_heating
402928,nimo_non_electric_heating
344807,nimo_elec_heat_seasonal
345988,nimo_non_electric_heating
349043,nimo_non_electric_heating
351317,nimo_elec_heat_seasonal
353774,nimo_non_electric_heating
359278,nimo_non_electric_heating
360725,nimo_elec_heat_seasonal
361297,nimo_non_electric_heating
376084,nimo_non_electric_heating
379406,nimo_non_electric_heating
383336,nimo_non_electric_heating
386870,nimo_non_electric_heating
388026,nimo_non_electric_heating
393353,nimo_non_electric_heating
393927,nimo_non_electric_heating
397537,nimo_non_electric_heating
409028,nimo_non_electric_heating
411141,nimo_non_electric_heating
345321,nimo_non_electric_heating
349373,nimo_non_electric_heating
358715,nimo_non_electric_heating
359269,nimo_non_electric_heating
362009,nimo_non_electric_heating
377257,nimo_non_electric_heating
378649,nimo_non_electric_heating
382115,nimo_elec_heat_seasonal
385245,nimo_non_electric_heating
391088,nimo_non_electric_heating
393521,nimo_non_electric_heating
394768,nimo_non_electric_heating
398678,nimo_non_electric_heating
400861,nimo_non_electric_heating
406868,nimo_non_electric_heating
349604,nimo_non_electric_heating
357656,nimo_elec_heat_seasonal
364160,nimo_non_electric_heating
366859,nimo_non_electric_heating
378403,nimo_non_electric_heating
379511,nimo_non_electric_heating
382536,nimo_elec_heat_seasonal
383782,nimo_non_electric_heating
384499,nimo_non_electric_heating
385018,nimo_non_electric_heating
387201,nimo_non_electric_heating
400453,nimo_non_electric_heating
403023,nimo_non_electric_heating
409723,nimo_non_electric_heating
354993,nimo_non_electric_heating
357487,nimo_non_electric_heating
359613,nimo_non_electric_heating
363963,nimo_non_electric_heating
364303,nimo_non_electric_heating
371513,nimo_non_electric_heating
372069,nimo_non_electric_heating
381466,nimo_non_electric_heating
381501,nimo_non_electric_heating
387334,nimo_elec_heat_seasonal
393435,nimo_non_electric_heating
393540,nimo_non_electric_heating
398939,nimo_non_electric_heating
399185,nimo_non_electric_heating
405895,nimo_non_electric_heating
407802,nimo_elec_heat_seasonal
343309,nimo_non_electric_heating
343383,nimo_non_electric_heating
344298,nimo_non_electric_heating
353313,nimo_non_electric_heating
359657,nimo_non_electric_heating
364905,nimo_non_electric_heating
366919,nimo_non_electric_heating
367391,nimo_non_electric_heating
369536,nimo_non_electric_heating
374665,nimo_non_electric_heating
383296,nimo_non_electric_heating
384565,nimo_non_electric_heating
397939,nimo_non_electric_heating
402813,nimo_non_electric_heating
408692,nimo_non_electric_heating
411552,nimo_non_electric_heating
342860,nimo_non_electric_heating
344500,nimo_non_electric_heating
347406,nimo_non_electric_heating
351135,nimo_non_electric_heating
358432,nimo_non_electric_heating
361067,nimo_non_electric_heating
363074,nimo_non_electric_heating
364567,nimo_non_electric_heating
367383,nimo_non_electric_heating
370163,nimo_non_electric_heating
373857,nimo_elec_heat_seasonal
375495,nimo_non_electric_heating
378260,nimo_non_electric_heating
397821,nimo_non_electric_heating
401322,nimo_non_electric_heating
370403,nimo_non_electric_heating
371391,nimo_non_electric_heating
373298,nimo_non_electric_heating
385210,nimo_elec_heat_seasonal
395056,nimo_non_electric_heating
404825,nimo_non_electric_heating
407549,nimo_non_electric_heating
409508,nimo_non_electric_heating
